0
0
0
0
0
0
0
0
0
0
0
0
0
0
0
0
0
0
0
0
0
0
0
0
0
0
0
0
0
0
0
0
0
0
0
0
0.0248510250000000
0.0245840760000000
0.0243248580000000
0.0240729363000000
0.0238279122000000
0.0235894212000000
0.0233571285000000
0.0231307263000000
0.0229099302000000
0.0226944747000000
0.0224841168000000
0.0222786279000000
0.0220777983000000
0.0218814282000000
0.0216893340000000
0.0215013429000000
0.0213172920000000
0.0211370301000000
0.0209604132000000
0.0207873063000000
0.0206175834000000
0.0204511239000000
0.0202878135000000
0.0201275460000000
0.0199702188000000
0.0198157365000000
0.0196640073000000
0.0195149430000000
0.0193684626000000
0.0192244869000000
0.0190829412000000
0.0189437526000000
0.0188068545000000
0.0186721812000000
0.0185396706000000
0.0184092633000000
0.0182809017000000
0.0181545318000000
0.0180301014000000
0.0179075610000000
0.0177868611000000
0.0176679558000000
0.0175508019000000
0.0174353562000000
0.0173215782000000
0.0172094274000000
0.0170988669000000
0.0169898589000000
0.0168823692000000
0.0167763645000000
0.0166718106000000
0.0165686760000000
0.0164669310000000
0.0163665459000000
0.0162674919000000
0.0161697411000000
0.0160732683000000
0.0159780465000000
0.0158840505000000
0.0157912578000000
0.0156996432000000
0.0156091851000000
0.0155198610000000
0.0154316502000000
0.0153445311000000
0.0152584848000000
0.0151734906000000
0.0150895305000000
0.0150065856000000
0.0149246388000000
0.0148436721000000
0.0147636684000000
0.0146846124000000
0.0146064870000000
0.0145292778000000
0.0144529686000000
0.0143775450000000
0.0143029935000000
0.0142292988000000
0.0141564483000000
0.0140844285000000
0.0140132268000000
0.0139428297000000
0.0138732255000000
0.0138044025000000
0.0137363490000000
0.0136690524000000
0.0136025037000000
0.0135366894000000
0.0134716014000000
0.0134072271000000
0.0133435584000000
0.0132805836000000
0.0132182946000000
0.0131566806000000
0.0130957335000000
0.0130354425000000
0.0129758013000000
0.0129167991000000
0.0128584278000000
0.0128006793000000
0.0127435455000000
0.0126870192000000
0.0126310914000000
0.0125757549000000
0.0125210025000000
0.0124668261000000
0.0124132194000000
0.0123601752000000
0.0123076854000000
0.0122557446000000
0.0122043465000000
0.0121534830000000
0.0121031487000000
0.0120533364000000
0.0120040416000000
0.0119552571000000
0.0119069766000000
0.0118591956000000
0.0118119069000000
0.0117651069000000
0.0117187875000000
0.0116729451000000
0.0116275743000000
0.0115826688000000
0.0115382241000000
0.0114942348000000
0.0114506973000000
0.0114076053000000
0.0113649543000000
0.0113227389000000
0.0112809564000000
0.0112396005000000
0.0111986676000000
0.0111581523000000
0.0111180519000000
0.0110783601000000
0.0110390742000000
0.0110001897000000
0.0109617030000000
0.0109236087000000
0.0108859041000000
0.0108485838000000
0.0108116460000000
0.0107750862000000
0.0107388999000000
0.0107030844000000
0.0106676352000000
0.0106325496000000
0.0105978231000000
0.0105634530000000
0.0105294366000000
0.0104957694000000
0.0104624478000000
0.0104294700000000
0.0103968315000000
0.0103645296000000
0.0103325607000000
0.0103009230000000
0.0102696120000000
0.0102386259000000
0.0102079611000000
0.0101776140000000
0.0101475837000000
0.0101178657000000
0.0100884573000000
0.0100593567000000
0.0100305603000000
0.0100020654000000
0.00997387020000000
0.00994597200000000
0.00991836630000000
0.00989105310000000
0.00986402880000000
0.00983729070000000
0.00981083610000000
0.00978466320000000
0.00975876930000000
0.00973315260000000
0.00970780950000000
0.00968273910000000
0.00965793870000000
0.00963340560000000
0.00960913710000000
0.00958513230000000
0.00956138850000000
0.00953790390000000
0.00951467580000000
0.00949170150000000
0.00946898010000000
0.00944650890000000
0.00942428700000000
0.00940231080000000
0.00938057850000000
0.00935908920000000
0.00933784110000000
0.00931683060000000
0.00929605680000000
0.00927551880000000
0.00925521300000000
0.00923513850000000
0.00921529260000000
0.00919567530000000
0.00917628300000000
0.00915711570000000
0.00913816980000000
0.00911944440000000
0.00910093860000000
0.00908264970000000
0.00906457590000000
0.00904671630000000
0.00902906910000000
0.00901163160000000
0.00899440380000000
0.00897738390000000
0.00896056920000000
0.00894395880000000
0.00892755180000000
0.00891134550000000
0.00889533900000000
0.00887953050000000
0.00886391910000000
0.00884850390000000
0.00883328130000000
0.00881825220000000
0.00880341390000000
0.00878876460000000
0.00877430430000000
0.00876003030000000
0.00874594260000000
0.00873203850000000
0.00871831800000000
0.00870477840000000
0.00869141880000000
0.00867823830000000
0.00866523600000000
0.00865241010000000
0.00863975880000000
0.00862728120000000
0.00861497640000000
0.00860284260000000
0.00859087980000000
0.00857908530000000
0.00856745910000000
0.00855599940000000
0.00854470440000000
0.00853357410000000
0.00852260670000000
0.00851180220000000
0.00850115700000000
0.00849067290000000
0.00848034630000000
0.00847017810000000
0.00846016560000000
0.00845030880000000
0.00844060590000000
0.00843105600000000
0.00842165820000000
0.00841241160000000
0.00840331530000000
0.00839436750000000
0.00838556820000000
0.00837691560000000
0.00836840880000000
0.00836004780000000
0.00835182990000000
0.00834375510000000
0.00833582160000000
0.00832803030000000
0.00832037850000000
0.00831286620000000
0.00830549160000000
0.00829825470000000
0.00829115370000000
0.00828418860000000
0.00827735760000000
0.00827066070000000
0.00826409610000000
0.00825766380000000
0.00825136200000000
0.00824518980000000
0.00823914810000000
0.00823323330000000
0.00822744720000000
0.00822178710000000
0.00821625300000000
0.00821084310000000
0.00820555830000000
0.00820039680000000
0.00819535680000000
0.00819043920000000
0.00818564310000000
0.00818096580000000
0.00817640910000000
0.00817196940000000
0.00816764850000000
0.00816344460000000
0.00815935590000000
0.00815538330000000
0.00815152590000000
0.00814778190000000
0.00814415040000000
0.00814063230000000
0.00813722580000000
0.00813393000000000
0.00813074400000000
0.00812766780000000
0.00812470050000000
0.00812184210000000
0.00811908990000000
0.00811644480000000
0.00811390590000000
0.00811147230000000
0.00810914310000000
0.00810691740000000
0.00810479610000000
0.00810277650000000
0.00810085950000000
0.00809904330000000
0.00809732790000000
0.00809571240000000
0.00809419590000000
0.00809277840000000
0.00809145900000000
0.00809023680000000
0.00808911180000000
0.00808808310000000
0.00808714980000000
0.00808631100000000
0.00808556670000000
0.00808491600000000
0.00808435890000000
0.00808389360000000
0.00808352100000000
0.00808323930000000
0.00808304850000000
0.00808294770000000
0.00808293600000000
0.00808301430000000
0.00808317990000000
0.00808343460000000
0.00808377570000000
0.00808420410000000
0.00808471800000000
0.00808531740000000
0.00808600320000000
0.00808677180000000
0.00808762590000000
0.00808856280000000
0.00808958250000000
0.00809068500000000
0.00809186850000000
0.00809313390000000
0.00809448030000000
0.00809590680000000
0.00809741250000000
0.00809899830000000
0.00800066240000000
0.00790240480000000
0.00780422550000000
0.00770612270000000
0.00760809730000000
0.00751014750000000
0.00741227330000000
0.00731447470000000
0.00721675080000000
0.00711910160000000
0.00702152620000000
0.00692402370000000
0.00682659500000000
0.00672923740000000
0.00663195270000000
0.00653473910000000
0.00643759660000000
0.00634052520000000
0.00624352310000000
0.00614659120000000
0.00604972770000000
0.00595293350000000
0.00585620770000000
0.00575955030000000
0.00566295950000000
0.00556643620000000
0.00546997950000000
0.00537358850000000
0.00527726320000000
0.00518100360000000
0.00508480880000000
0.00498867880000000
0.00489261180000000
0.00479660960000000
0.00470066950000000
0.00460479330000000
0.00450897830000000
0.00441322630000000
0.00431753550000000
0.00422190590000000
0.00412633660000000
0.00403082850000000
0.00393537980000000
0.00383999050000000
0.00374466060000000
0.00364939010000000
0.00355417720000000
0.00345902280000000
0.00334939010000000
0.00325417720000000
0.00315902280000000
0
0
0
0
0
0
0
0
0
0
0
0
0
0
0
0
0
0
0
0
0
0
0
0
0
0
0
0
0
0
0
0
0
0
0
0
0
0
0
0
0
0
0
0
0
0
0
0
0
0
0
0
0
0
0
0