0	0	0
0	0	0
0	0	0
0	0	0
0	0	0
0	0	0
0	0	0
0	0	0
0	0	0
0	0	0
0	0	0
0	0	0
0	0	0
0	0	0
0	0	0
0	0	0
0	0	0
0	0	0
0	0	0
0	0	0
0	0	0
0	0	0
0	0	0
0	0	0
0	0	0
0	0	0
0	0	0
0	0	0
0	0	0
0	0	0
0	0	0
0	0	0
0	0	0
0	0	0
0	0	0
0	0	0
0	0	0
0	0	0
0	0	0
0	0	0
0	0	0
0	0	0
0	0	0
0	0	0
0	0	0
0	0	0
0	0	0
0	0	0
0	0	0
0	0	0
0	0	0
0	0	0
0	0	0
0	0	0
0	0	0
0	0	0
0	0	0
0	0	0.195326467
0.080181166	0.082526885	3.534225265
0.390700944	0.076505182	3.169804319
0.393078345	0.172006942	2.8748991
0.720681425	0.111552755	2.934427397
0.800561786	0.159615384	4.409479074
1.766497515	0.070853001	2.247311097
1.362070823	0.083849366	2.325864279
1.269321094	0.112405043	3.241789878
0.32467794	0.599305133	3.368660651
1.906400262	0.074873228	2.684430246
1.824212282	0.094687405	3.518703643
1.152772913	0.165542162	4.490065503
2.451912373	0.061297971	2.165287765
2.013918068	0.097982292	3.255130169
2.017847878	0.089016165	2.215853035
1.408250991	0.122596892	2.249819455
2.91148812	0.070336161	2.60574648
2.022805292	0.092290939	3.220046844
1.91144373	0.100419415	2.393322508
1.628626819	0.11930231	2.623943864
1.142620328	0.201082645	3.339422039
3.415514977	0.053588921	2.849388372
1.562833054	0.127347241	2.39842791
1.477644171	0.12428766	3.233722511
1.151439636	0.165311878	3.841082373
1.906985558	0.092608585	3.054648459
2.3562938	0.081481758	3.068053243
1.962665428	0.101486141	3.230563693
1.723814559	0.104655496	2.358224331
1.416779831	0.140324683	2.727665315
1.324393485	0.193983066	2.791957925
2.258673811	0.084097096	1.933610683
2.84990922	0.06135361	2.660943235
2.355815119	0.077916869	2.231990186
1.956787213	0.101998898	1.988958085
2.320993133	0.075978153	2.193123011
0.101237901	3.254802169	3.133712561
0.085639934	4.157040804	2.528614926
2.096954363	0.090119131	2.567578469
2.117937698	0.079403981	2.774688246
1.720736719	0.121545841	2.612354996
1.752876936	0.100934255	3.096318868
1.746895078	0.124198907	3.335810458
1.879028224	0.093711579	2.578613154
1.849659625	0.093670619	3.306937058
2.296472401	0.076276095	2.135544232
1.750388754	0.123414118	2.522654343
2.718990912	0.061920382	2.805722859
0.37642105	0.68132975	2.923561049
2.681053596	0.062269511	3.544250558
0.683511683	0.338947035	3.046183166
2.055665846	0.089122418	2.079214863
1.231252948	0.223039649	2.762773353
2.391670459	0.086785	2.99667044
1.781080483	0.128744677	1.797770175
2.589423095	0.067626638	2.320989671
2.074149126	0.085240502	3.743995128
0.110489349	2.918244008	3.272488006
1.551400561	0.149465422	2.567419703
2.594260989	0.069849929	2.767309978
1.94203655	0.100188177	2.446175343
0.997766054	0.318781531	2.9810436
2.103352491	0.108034843	3.051637081
0.099627665	5.079513856	2.85104456
2.358084978	0.083888579	3.244203313
2.054208626	0.112362005	2.04370296
1.611860196	0.110816328	4.258279906
1.241591987	0.149228761	3.140081461
1.597137917	0.138127955	2.481006988
2.999943412	0.06617407	2.6123838
1.879038414	0.108048513	2.326514896
0.20222609	1.34374746	2.939278958
1.855261932	0.118849472	2.399817595
2.256713539	0.097652813	2.560538563
1.88990657	0.111937675	2.744064882
1.267491602	0.195407562	2.734326006
1.513776703	0.161233769	2.425137743
2.561950585	0.079758648	2.612941754
1.804215854	0.116486493	1.557926172
2.986959619	0.065547429	1.787013932
1.664432869	0.151584554	3.942469845
2.058832548	0.09219873	1.828019783
2.151157049	0.099379911	3.287215373
1.926658025	0.125114709	3.163236856
0.818106597	0.408313252	2.936159552
1.828328885	0.126018933	2.106841218
1.950246296	0.092009125	2.828602365
2.309703161	0.082107625	3.72986306
2.646164167	0.090229374	1.974094834
1.824657805	0.144362607	2.118239637
1.8949798	0.114107652	3.142285824
1.597141945	0.145449364	2.666897602
1.492362843	0.133574499	3.961889127
2.368061122	0.077497436	2.857852243
0.066855813	6.072575355	2.691372147
1.590794547	0.149045314	2.726771241
3.421198075	0.053729687	2.257643113
0.644193997	0.753022673	2.135836433
1.724828708	0.107678695	3.341151581
0.199625898	1.59843951	3.056060372
1.514021036	0.196768524	2.522087818
2.15473658	0.082095104	3.809881764
1.020053832	0.28942166	2.170115239
1.906753752	0.118601632	2.508728636
2.059284365	0.117702442	2.765165351
1.88780977	0.1002426	3.212861697
2.040141704	0.10617878	2.730963743
2.630680453	0.074587777	2.346255308
2.145065921	0.116022123	2.062658009
2.465711603	0.098454923	3.75812155
1.652146122	0.128269085	2.811452808
0.890021177	0.444236123	2.235489427
1.983008291	0.100502229	2.572862719
2.149628845	0.108245104	2.037710073
2.239935859	0.10432492	1.747725053
2.299205471	0.115430609	2.729213839
2.226204253	0.095035318	3.63458738
0.197903034	2.014136152	2.038641333
2.25937563	0.10026973	2.203674622
2.115951084	0.120156002	2.737805928
2.283045315	0.099675919	2.016877867
2.408805915	0.085754802	4.192026889
2.087829526	0.099118402	2.734938691
1.689437792	0.145727304	2.973387012
1.828279718	0.130037783	2.588183826
1.294678176	0.194479406	2.903868873
2.341351333	0.098117969	2.650442246
1.660864144	0.13146339	4.671741114
0.636583691	0.778063973	2.634600134
1.523307107	0.147863348	3.378476847
1.478872934	0.160534527	2.339438363
1.019437067	0.2368487	2.339984263
1.876868939	0.123275179	3.113870653
0.812993354	0.545109668	4.542463726
3.033158531	0.094777219	1.703338444
2.233747693	0.104209673	3.007431301
2.121473704	0.107327966	2.170539788
2.227801026	0.119046122	2.516057231
0.649961839	0.756529524	2.285449832
2.025253592	0.115400811	3.4773758
1.079699961	0.322043306	3.1200257
2.129193061	0.09985039	2.596917852
2.247007419	0.099659766	3.769927115
2.246202856	0.103340212	2.781767998
2.24241769	0.12734285	2.901507335
2.235788328	0.107903456	2.964520631
2.052551509	0.140556142	3.742544074
1.694976624	0.119081215	3.346764949
1.787456142	0.12734945	1.807188444
1.938273902	0.116857536	2.414809688
3.191528778	0.070564803	2.062170157
1.315271529	0.198101075	2.077459571
2.832653031	0.069997511	3.2338423
0.570148401	1.09279325	6.26702649
2.104714228	0.11444366	2.410051893
1.756421478	0.126112854	3.776392032
1.146810281	0.279301596	2.635463878
2.762380068	0.080077295	2.890298779
1.731309071	0.158597218	2.636303457
1.298937093	0.231490332	3.777926315
3.234234492	0.083845093	2.418865111
1.609104846	0.149290776	1.444877456
2.328980713	0.107017446	2.685296723
2.47043727	0.105468928	2.630243791
1.91835412	0.15408398	1.771467182
1.12679742	0.362505107	2.567813241
1.959830315	0.148493391	3.416896998
1.9812244	0.110638489	2.782808072
1.997857289	0.133764341	1.908163339
1.868687491	0.161486469	3.929149707
2.171570031	0.121730502	1.913911584
1.597147027	0.163917029	2.336201404
2.176824606	0.141574337	1.684516944
1.946618739	0.134767708	2.927882682
2.133584775	0.130786525	1.200112068
1.975166246	0.140654468	1.947152799
2.737855488	0.083838291	2.940816925
1.309892274	0.223392891	2.467988177
1.742120557	0.157491908	1.773997298
2.050247627	0.164288009	2.324114191
2.061103082	0.134058966	2.005099036
2.273030246	0.171053952	2.241477035
2.275743768	0.115862805	2.474867101
1.660314439	0.178344089	1.620405929
2.763868335	0.109083733	2.799395567
3.600308445	0.082653122	3.481448797
1.579988546	0.18640779	5.055415173
1.678482529	0.16588168	2.171762402
2.312978788	0.118440217	2.944311052
2.460582946	0.136778484	2.399694768
1.446849888	0.21737795	2.029463162
1.535748415	0.208956187	1.550195788
2.352793467	0.108250772	1.818898822
1.872542272	0.186043677	2.973369093
1.27404456	0.306131442	3.864342002
1.234623237	0.355387554	2.148067958
2.959817126	0.088381659	1.421669608
2.317678935	0.124973461	1.741887884
0.426120678	0.765051263	2.285917241
2.097295159	0.153518659	1.191656631
1.65218955	0.212458447	2.875343302
0.546779637	1.474847675	2.170089146
2.809407027	0.098651125	1.70546645
1.665746446	0.168568548	2.070983193
1.604926534	0.20441432	2.169724923
1.852805833	0.185920309	2.438254393
1.874227973	0.146656465	1.610059702
4.003799057	0.080791684	1.951702862
1.378426525	0.251061455	2.517638785
2.201273745	0.17281395	2.768890159
1.777684246	0.205551414	1.809359521
2.313485577	0.129275683	3.056300834
2.941400545	0.126401036	3.124939927
0.587175303	1.47210893	1.788121277
3.057323913	0.096617866	2.688982607
1.944238253	0.193133609	2.443547183
1.592776887	0.290062331	2.004571681
1.845012652	0.188472403	1.74738043
0.815331103	0.642710711	2.056884212
1.130769015	0.40917625	2.257425544
3.562991998	0.080583358	1.205350039
1.090026946	0.262951255	2.481927453
3.196843893	0.111895641	2.691621354
2.854251602	0.125912271	1.696389807
1.2689749	0.308627372	1.457511862
1.971626507	0.218247477	0.92975133
1.871419395	0.159466657	1.759569448
1.786671843	0.18276262	2.36191025
3.665918591	0.075002062	1.66161934
1.723591168	0.206816857	1.430806017
0.097531709	6.871496473	2.285613211
2.386438103	0.181734004	2.934164533
2.331806624	0.115963795	1.932513619
1.555046156	0.23174805	1.985713615
2.189241874	0.146045577	1.40633294
2.09749856	0.128541509	1.303332342
1.776578259	0.181833635	1.917899414
2.112712179	0.153401498	1.946717802
2.696822244	0.102581975	2.238160476
2.317451735	0.157743395	1.922018426
1.531186889	0.219358788	1.625633667
1.216568798	0.378637267	2.478289093
2.225448738	0.151686917	1.531528281
1.79139418	0.210871049	2.890687707
1.325611615	0.260114274	1.616563606
1.781828156	0.258175205	2.106046651
2.187849944	0.133519851	1.471795885
2.921095769	0.115700621	2.032589912
0.880836414	0.667983374	2.199186406
0.960313417	0.611978568	1.70295795
2.387453758	0.145874707	3.901742276
1.898028545	0.222660639	2.484260013
2.133596771	0.177059636	2.739356109
2.275556137	0.166501479	1.995216492
1.585501989	0.211816091	2.267685905
2.102026951	0.169856839	1.737673194
0.313600799	1.366350499	1.539743818
2.18238926	0.16967468	2.058073848
1.31070113	0.292201481	1.334248531
0.232733749	2.010235573	1.66897539
2.573229714	0.15460138	2.241138303
2.887974837	0.131443071	1.029974968
1.624317459	0.314391523	2.646074428
2.588207549	0.15827695	1.340103132
2.099526972	0.18025856	1.149025894
1.97077597	0.172858551	2.296154283
0.755417128	0.909347048	2.130414158
2.682763215	0.112466696	2.461167434
1.826509539	0.21554439	1.039607168
0.642118257	1.229341255	2.6517012
0.733759847	1.009420642	1.806319666
3.009534443	0.11583522	1.671325976
1.979703398	0.198018882	1.322653896
2.547083048	0.145942973	1.885901298
1.667501537	0.210261409	2.275869762
2.421808872	0.168767239	1.254755682
1.549688628	0.260406891	1.286512126
2.22874246	0.169268077	1.79131661
0.926216195	0.723458466	0.796874351
1.968032589	0.200210739	1.399488261
2.092595869	0.195410388	1.646972313
2.375535378	0.182834117	2.043839623
1.78011103	0.228826506	1.639861604
1.947344898	0.265132833	2.102897136
1.078375693	0.547726128	3.757022441
0.343305631	1.845201596	3.609184033
1.410935589	0.359790089	3.318646324
0.92898173	0.824676247	1.86090223
1.669961724	0.248831549	1.76148374
0.81856533	0.97814134	1.446061436
1.601739512	0.332406245	1.696075475
2.508714754	0.180820819	1.512072511
0.200686658	2.202073834	1.185034976
0.928521366	0.650738246	1.948379156
1.731621594	0.25943916	2.228992138
1.626964669	0.293698075	3.687084288
1.356882008	0.357868847	3.446689649
0.746961343	1.177790036	1.15558747
1.687071999	0.263708424	1.450239606
0.968815384	0.624151444	1.136946645
2.034087455	0.195755942	1.259180581
1.865221941	0.230919933	1.332873991
2.048389461	0.216623025	2.212745357
2.602101164	0.17362467	2.092105627
1.863858325	0.237688831	1.508883153
2.50814627	0.170353647	1.796326678
0.641491247	2.034068503	1.209780066
1.890144973	0.225895596	1.056297873
2.173653724	0.180951871	1.868865407
2.396513565	0.189173597	2.912295225
1.959023695	0.274787101	2.086285852
2.974862312	0.168490631	2.957067421
3.015681925	0.136188102	1.415065902
1.382027742	0.336227793	1.070520131
1.859869696	0.266747237	1.323966331
1.069036146	0.563897751	1.249303907
2.10331462	0.21214066	1.774369202
2.359641482	0.223089028	2.147194846
3.146023573	0.174615467	1.497419705
2.856445383	0.166522513	2.077307916
1.691155027	0.35998101	3.044640682
1.649414033	0.287092025	1.372581784
0.985913014	0.730906836	1.918476757
1.974980199	0.252942261	1.448400289
1.992523432	0.293824146	1.187633902
2.866050195	0.17254505	1.796874163
2.71183102	0.203827048	1.370580564
2.602869549	0.173622431	1.134699668
1.754816618	0.39448022	1.177821158
2.654151947	0.200250721	1.300081139
2.393067341	0.239555861	1.693221973
2.111394706	0.265055199	1.336376771
1.525068572	0.341565294	1.734817598
2.045274889	0.275660604	1.947021868
2.288324068	0.215604963	1.195787358
1.916030661	0.310137009	0.923657242
0.969337063	0.900966655	1.131426531
1.638470126	0.3235105	1.289779823
2.810764759	0.187735366	1.198161735
1.257076905	0.661419265	2.042819287
2.215988937	0.230904359	0.88081458
2.557334898	0.18991246	0.876803039
2.853140635	0.184063913	0.983322628
0.658892104	2.069781115	1.937681968
3.091851476	0.159355831	1.292693823
1.408630047	0.503258907	0.931691307
1.279446439	0.556109964	1.139701894
1.063148211	0.834531143	1.166018056
0.848285076	1.144723413	2.109837872
2.134035917	0.291486447	1.710570648
1.163705198	0.586707016	1.53609776
2.330250038	0.240806946	0.981822951
0.792684844	0.784992877	1.016215951
2.042557762	0.302562776	1.125199088
1.319856225	0.496751175	1.614232395
0.97566761	0.992186084	1.248104315
2.211967035	0.281905498	1.769860717
2.24301349	0.310558414	0.827166068
1.860003259	0.284273741	1.041936808
2.17276521	0.357067796	1.014811686
0.965996002	0.873838642	1.293131629
1.653555617	0.421296091	1.03715478
2.731301436	0.247449269	1.60942012
2.550166383	0.28683206	2.283979589
3.025622551	0.202012018	1.674249245
0.892950169	1.400919892	0.615941256
2.277230122	0.318452481	0.856869018
2.557878437	0.294766862	1.277407788
1.242553668	0.730336177	1.464307777
5.879250435	0.109803568	0.827487596
2.83368962	0.238467956	1.548703431
1.794948678	0.42682164	0.61450738
2.682892879	0.319854877	0.534708015
1.356263448	0.689509162	1.743777927
1.794119833	0.456094063	1.947415889
2.230345459	0.373555244	1.437804029
4.033970515	0.169808765	0.945261134
2.672548105	0.274673023	0.826324446
3.008854779	0.225374483	1.0516515
2.178332574	0.343504912	0.634550049
0.983366756	1.049898195	1.031099746
2.523721145	0.281106453	0.766125298
2.154172507	0.407136691	0.90131811
1.896378809	0.486808474	0.797486972
3.229815731	0.239537236	0.807322121
2.292444391	0.374159019	0.944235091
2.495786177	0.312626293	1.213761934
3.637690881	0.20357395	1.268681986
1.5855589	0.60902168	0.638223363
3.527534181	0.225743808	1.68057644
1.117734153	0.851397344	0.745988156
2.635220959	0.276908389	0.651338105
1.984014326	0.425513072	0.616002719
1.42516684	0.631547548	1.16169791
1.770300368	0.508957479	1.500637633
3.201285091	0.220894502	0.906360802
2.393757257	0.271305418	1.014771109
3.211853838	0.237355019	0.89844017
0.905879086	1.257710762	0.531252126
2.204271005	0.320901422	1.309999841
3.132115082	0.297918536	1.461165913
2.553182176	0.285629067	0.649829132
3.22900193	0.252930212	1.038361957
3.88229657	0.197195509	0.876493791
2.23466536	0.350643094	0.786886543
2.329464823	0.321495658	0.828106067
2.197483368	0.30134664	1.568079026
2.16792702	0.361389684	1.285063055
2.739294824	0.2512489	1.081570855
2.841850042	0.259846493	0.439705173
1.303678651	0.813635514	0.550415682
3.81062708	0.187552384	1.387308281
3.215412097	0.17446246	0.874026664
3.416625219	0.231972527	1.089967459
3.527196044	0.183526321	0.967380327
2.072427469	0.342658358	1.340313467
1.865732208	0.402811148	0.608183868
2.255390229	0.355949177	0.651740721
2.352356152	0.3598047	0.956530635
3.378494461	0.268115481	1.602027948
1.749263835	0.472455354	0.453634813
5.248186498	0.133900382	1.298035465
3.51180262	0.24543286	0.487278267
1.23878833	0.592471828	2.35570142
0.8464658	0	0.389916
0.3710268	0	0.5449306
0.882432755	1.637572797	1.55375375
1.6803076	0	3.9132018
1.27596842	0.731311882	0.394386833
0.95549025	0	2.32552975
0.6165225	0	0.4217575
1.31403	0	3.88863
0	0	0
0	0	0
0	0	0
0	0	0
0	0	0
0.546896	0	2.761335
0	0	0
0.128204	0	2.54068
0	0	0
