0
0
0
0
0
0
0
0
0
0
0
0
0
0
0
0
0
0
0
0
0
0
0
0
0
0
0
0
0
0
0
0
0
0
0
0
0.0400377625000000
0.0396076780000000
0.0391900490000000
0.0387841751500000
0.0383894141000000
0.0380051786000000
0.0376309292500000
0.0372661701500000
0.0369104431000000
0.0365633203500000
0.0362244104000000
0.0358933449500000
0.0355697861500000
0.0352534121000000
0.0349439270000000
0.0346410524500000
0.0343445260000000
0.0340541040500000
0.0337695546000000
0.0334906601500000
0.0332172177000000
0.0329490329500000
0.0326859217500000
0.0324277130000000
0.0321742414000000
0.0319253532500000
0.0316809006500000
0.0314407415000000
0.0312047453000000
0.0309727844500000
0.0307447386000000
0.0305204903000000
0.0302999322500000
0.0300829586000000
0.0298694693000000
0.0296593686500000
0.0294525638500000
0.0292489679000000
0.0290484967000000
0.0288510705000000
0.0286566095500000
0.0284650399000000
0.0282762919500000
0.0280902961000000
0.0279069871000000
0.0277262997000000
0.0275481744500000
0.0273725504500000
0.0271993726000000
0.0270285872500000
0.0268601393000000
0.0266939780000000
0.0265300555000000
0.0263683239500000
0.0262087369500000
0.0260512495500000
0.0258958211500000
0.0257424082500000
0.0255909702500000
0.0254414709000000
0.0252938696000000
0.0251481315500000
0.0250042205000000
0.0248621031000000
0.0247217445500000
0.0245831144000000
0.0244461793000000
0.0243109102500000
0.0241772768000000
0.0240452514000000
0.0239148050500000
0.0237859102000000
0.0236585422000000
0.0235326735000000
0.0234082809000000
0.0232853383000000
0.0231638225000000
0.0230437117500000
0.0229249814000000
0.0228076111500000
0.0226915792500000
0.0225768654000000
0.0224634478500000
0.0223513077500000
0.0222404262500000
0.0221307845000000
0.0220223622000000
0.0219151448500000
0.0218091107000000
0.0217042467000000
0.0216005325500000
0.0214979552000000
0.0213964958000000
0.0212961413000000
0.0211968743000000
0.0210986817500000
0.0210015462500000
0.0209054576500000
0.0208103985500000
0.0207163559000000
0.0206233166500000
0.0205312677500000
0.0204401976000000
0.0203500917000000
0.0202609384500000
0.0201727262500000
0.0200854420500000
0.0199990757000000
0.0199136156000000
0.0198290487000000
0.0197453663000000
0.0196625582500000
0.0195806115000000
0.0194995173500000
0.0194192642000000
0.0193398448000000
0.0192612475500000
0.0191834623000000
0.0191064818000000
0.0190302944500000
0.0189548944500000
0.0188802687500000
0.0188064115500000
0.0187333141500000
0.0186609664000000
0.0185893610500000
0.0185184894000000
0.0184483456500000
0.0183789196500000
0.0183102041500000
0.0182421904500000
0.0181748742000000
0.0181082452500000
0.0180422978000000
0.0179770231500000
0.0179124169500000
0.0178484690500000
0.0177851751000000
0.0177225278500000
0.0176605215000000
0.0175991473500000
0.0175384010500000
0.0174782739000000
0.0174187630000000
0.0173598611000000
0.0173015609500000
0.0172438582000000
0.0171867456000000
0.0171302188000000
0.0170742705500000
0.0170188965000000
0.0169640923000000
0.0169098507000000
0.0168561659000000
0.0168030350000000
0.0167504507500000
0.0166984088000000
0.0166469033500000
0.0165959315000000
0.0165454860000000
0.0164955639500000
0.0164461595500000
0.0163972670000000
0.0163488848500000
0.0163010058500000
0.0162536256500000
0.0162067413500000
0.0161603471500000
0.0161144387000000
0.0160690131000000
0.0160240660000000
0.0159795901500000
0.0159355855500000
0.0158920464000000
0.0158489683500000
0.0158063470500000
0.0157641796000000
0.0157224616500000
0.0156811903000000
0.0156403597500000
0.0155999685500000
0.0155600123500000
0.0155204868000000
0.0154813875500000
0.0154427131500000
0.0154044592500000
0.0153666229500000
0.0153291999000000
0.0152921857500000
0.0152555790500000
0.0152193754500000
0.0151835735000000
0.0151481674000000
0.0151131542500000
0.0150785326000000
0.0150442995500000
0.0150104493000000
0.0149769804000000
0.0149438914000000
0.0149111765000000
0.0148788342500000
0.0148468603000000
0.0148152546500000
0.0147840115000000
0.0147531308500000
0.0147226069000000
0.0146924382000000
0.0146626233000000
0.0146331578500000
0.0146040389500000
0.0145752651500000
0.0145468335500000
0.0145187398000000
0.0144909839000000
0.0144635629500000
0.0144364726000000
0.0144097114000000
0.0143832779000000
0.0143571677500000
0.0143313795000000
0.0143059102500000
0.0142807585500000
0.0142559229500000
0.0142313976500000
0.0142071841000000
0.0141832779500000
0.0141596763000000
0.0141363791500000
0.0141133821500000
0.0140906853000000
0.0140682842500000
0.0140461790000000
0.0140243652000000
0.0140028414000000
0.0139816061500000
0.0139606580000000
0.0139399940500000
0.0139196114000000
0.0138995086000000
0.0138796842000000
0.0138601353000000
0.0138408619000000
0.0138218596500000
0.0138031285500000
0.0137846657000000
0.0137664682000000
0.0137485360500000
0.0137308663500000
0.0137134591000000
0.0136963085000000
0.0136794174500000
0.0136627801500000
0.0136463980500000
0.0136302668000000
0.0136143864000000
0.0135987539500000
0.0135833680000000
0.0135682271000000
0.0135533298000000
0.0135386746500000
0.0135242587500000
0.0135100821000000
0.0134961418000000
0.0134824364000000
0.0134689659000000
0.0134557259500000
0.0134427165500000
0.0134299348000000
0.0134173821500000
0.0134050542500000
0.0133929511000000
0.0133810698000000
0.0133694103500000
0.0133579698500000
0.0133467483000000
0.0133357428000000
0.0133249533500000
0.0133143770500000
0.0133040139000000
0.0132938610000000
0.0132839169000000
0.0132741830500000
0.0132646536500000
0.0132553316000000
0.0132462125500000
0.0132372965000000
0.0132285805500000
0.0132200661500000
0.0132117504000000
0.0132036304000000
0.0131957076000000
0.0131879805500000
0.0131804449000000
0.0131731035500000
0.0131659507000000
0.0131589892500000
0.0131522163000000
0.0131456289500000
0.0131392286500000
0.0131330139500000
0.0131269819500000
0.0131211312000000
0.0131154631500000
0.0131099749000000
0.0131046650000000
0.0130995320000000
0.0130945759000000
0.0130897952500000
0.0130851900500000
0.0130807559500000
0.0130764944000000
0.0130724039500000
0.0130684831500000
0.0130647305500000
0.0130611447000000
0.0130577270500000
0.0130544732500000
0.0130513847500000
0.0130484586500000
0.0130456949500000
0.0130430922000000
0.0130406489500000
0.0130383652000000
0.0130362395000000
0.0130342704000000
0.0130324579000000
0.0130308005500000
0.0130292969000000
0.0130279455000000
0.0130267463500000
0.0130256980000000
0.0130248004500000
0.0130240508000000
0.0130234505000000
0.0130229966500000
0.0129226892500000
0.0128225268500000
0.0127225080000000
0.0126226341500000
0.0125229009500000
0.0124233113000000
0.0123238608500000
0.0122245510500000
0.0121253790000000
0.0120263447000000
0.0119274496000000
0.0118286879000000
0.0117300639500000
0.0116315734000000
0.0115332162500000
0.0114349925000000
0.0113368992500000
0.0112389379500000
0.0111411071500000
0.0110434054000000
0.0109458312500000
0.0108483861500000
0.0107510672000000
0.0106538744000000
0.0105568077500000
0.0104598643500000
0.0103630456500000
0.0102663487500000
0.0101697736500000
0.0100733203500000
0.00997698740000000
0.00988077480000000
0.00978468110000000
0.00968870485000000
0.00959284750000000
0.00949710470000000
0.00940147935000000
0.00930596855000000
0.00921057230000000
0.00911529060000000
0.00902012055000000
0.00892506360000000
0.00883011685000000
0.00873528175000000
0.00864055685000000
0.00854594215000000
0.00845143475000000
0.00835703610000000
0.00826274475000000
0.00816855925000000
0.00807447960000000
0.00798050580000000
0.00788663640000000
0.00779287140000000
0.00769920790000000
0.00760564880000000
0.00751218975000000
0.00741883365000000
0.00732557615000000
0.00723242015000000
0.00713936275000000
0.00704640395000000
0.00695354230000000
0.00686077925000000
0.00676811190000000
0.00667554025000000
0.00658306430000000
0.00649068405000000
0.00639839660000000
0.00630620340000000
0.00619068405000000
0.00609839660000000
0.00600620340000000
0
0
0
0
0
0
0
0
0
0
0
0
0
0
0
0
0
0
0
0
0
0
0
0
0
0
0
0
0
0
0
0
0
0
0
0
0
0
0
0
0
0
0
0
0
0
0
0
0
0
0
0
0
0
0
0