5.9445229346e+07
2.7810759589e+07
1.5770446666e+07
1.0019007615e+07
6.8620565996e+06
4.9580081130e+06
3.7285171126e+06
2.8924192190e+06
2.3002512288e+06
1.8668678965e+06
1.5410080444e+06
1.2903830357e+06
1.0938735416e+06
9.3721774933e+05
8.1051720958e+05
7.0673658858e+05
6.2077025907e+05
5.4884417600e+05
4.8812250962e+05
4.3644290066e+05
3.9213456588e+05
3.5389098455e+05
3.2067927878e+05
2.9167471964e+05
2.6621272811e+05
2.4375324530e+05
2.2385397151e+05
2.0615004713e+05
1.9033846886e+05
1.7616602547e+05
1.6341987678e+05
1.5192013651e+05
1.4151398855e+05
1.3207098593e+05
1.2347926977e+05
1.1564250877e+05
1.0847740721e+05
1.0191166449e+05
9.5882295326e+04
9.0334240047e+04
8.5219209254e+04
8.0494719003e+04
7.6123281591e+04
7.2071724034e+04
6.8310611850e+04
6.4813760030e+04
6.1557816510e+04
5.8521906193e+04
5.5687325700e+04
5.3037280809e+04
5.0556659914e+04
4.8231838009e+04
4.6050506602e+04
4.4001525732e+04
4.2074794888e+04
4.0261140130e+04
3.8552215153e+04
3.6940414348e+04
3.5418796266e+04
3.3981016060e+04
3.2621265765e+04
3.1334221361e+04
3.0114995791e+04
2.8959097168e+04
2.7862391525e+04
2.6821069577e+04
2.5831616985e+04
2.4890787734e+04
2.3995580237e+04
2.3143215876e+04
2.2331119679e+04
2.1556902912e+04
2.0818347365e+04
2.0113391150e+04
1.9440115849e+04
1.8796734862e+04
1.8181582839e+04
1.7593106079e+04
1.7029853791e+04
1.6490470139e+04
1.5973686987e+04
1.5478317279e+04
1.5003248988e+04
1.4547439574e+04
1.4109910923e+04
1.3689744691e+04
1.3286078046e+04
1.2898099745e+04
1.2525046534e+04
1.2166199835e+04
1.1820882689e+04
1.1488456944e+04
1.1168320653e+04
1.0859905683e+04
1.0562675486e+04
1.0276123057e+04
9.9997690321e+03
9.7331599244e+03
9.4758664979e+03
9.2274822498e+03
8.9876220055e+03
8.7559206108e+03
8.5320317172e+03
8.3156266504e+03
8.1063933569e+03
7.9040354223e+03
7.7082711561e+03
7.5188327370e+03
7.3354654158e+03
7.1579267702e+03
6.9859860078e+03
6.8194233147e+03
6.6580292455e+03
6.5016041523e+03
6.3499576493e+03
6.2029081107e+03
6.0602822007e+03
5.9219144308e+03
5.7876467454e+03
5.6573281320e+03
5.5308142543e+03
5.4079671078e+03
5.2886546955e+03
5.1727507225e+03
5.0601343082e+03
4.9506897154e+03
4.8443060950e+03
4.7408772445e+03
4.6403013810e+03
4.5424809262e+03
4.4473223039e+03
4.3547357481e+03
4.2646351220e+03
4.1769377469e+03
4.0915642396e+03
4.0084383600e+03
3.9274868647e+03
3.8486393707e+03
3.7718282239e+03
3.6969883765e+03
3.6240572694e+03
3.5529747211e+03
3.4836828224e+03
3.4161258362e+03
3.3502501023e+03
3.2860039475e+03
3.2233375993e+03
3.1622031046e+03
3.1025542520e+03
3.0443464981e+03
2.9875368973e+03
2.9320840346e+03
2.8779479626e+03
2.8250901401e+03
2.7734733750e+03
2.7230617690e+03
2.6738206649e+03
2.6257165968e+03
2.5787172426e+03
2.5327913776e+03
2.4879088322e+03
2.4440404491e+03
2.4011580448e+03
2.3592343711e+03
2.3182430788e+03
2.2781586837e+03
2.2389565329e+03
2.2006127736e+03
2.1631043227e+03
2.1264088379e+03
2.0905046897e+03
2.0553709356e+03
2.0209872938e+03
1.9873341197e+03
1.9543923819e+03
1.9221436406e+03
1.8905700256e+03
1.8596542160e+03
1.8293794207e+03
1.7997293593e+03
1.7706882441e+03
1.7422407629e+03
1.7143720619e+03
1.6870677301e+03
1.6603137840e+03
1.6340966524e+03
1.6084031626e+03
1.5832205268e+03
1.5585363287e+03
1.5343385114e+03
1.5106153647e+03
1.4873555143e+03
1.4645479096e+03
1.4421818139e+03
1.4202467934e+03
1.3987327077e+03
1.3776296999e+03
1.3569281874e+03
1.3366188532e+03
1.3166926373e+03
1.2971406282e+03
1.2779543555e+03
1.2591254815e+03
1.2406458945e+03
1.2225077015e+03
1.2047032212e+03
1.1872249774e+03
1.1700656928e+03
1.1532182828e+03
1.1366758495e+03
1.1204316761e+03
1.1044792212e+03
1.0888121136e+03
1.0734241472e+03
1.0583092760e+03
1.0434616091e+03
1.0288754065e+03
1.0145450740e+03
1.0004651597e+03
9.8663034901e+02
9.7303546119e+02
9.5967544514e+02
9.4654537573e+02
9.3364045020e+02
9.2095598452e+02
9.0848741009e+02
8.9623027037e+02
8.8418021773e+02
8.7233301034e+02
8.6068450920e+02
8.4923067522e+02
8.3796756647e+02
8.2689133542e+02
8.1599822634e+02
8.0528457277e+02
7.9474679506e+02
7.8438139795e+02
7.7418496831e+02
7.6415417288e+02
7.5428575611e+02
7.4457653805e+02
7.3502341233e+02
7.2562334418e+02
7.1637776851e+02
7.0727508809e+02
6.9831677169e+02
6.8950005241e+02
6.8082222592e+02
6.7228064888e+02
6.6387273729e+02
6.5559596501e+02
6.4744786221e+02
6.3942601392e+02
6.3152805867e+02
6.2375168705e+02
6.1609464043e+02
6.0855470964e+02
6.0112973373e+02
5.9381759877e+02
5.8661623661e+02
5.7952362381e+02
5.7253778044e+02
5.6565676907e+02
5.5887869367e+02
5.5220169861e+02
5.4562396764e+02
5.3914372296e+02
5.3275922424e+02
5.2646876773e+02
5.2027068537e+02
5.1416334393e+02
5.0814514415e+02
5.0221451992e+02
4.9636993754e+02
4.9060989488e+02
4.8493292065e+02
4.7933757370e+02
4.7382244226e+02
4.6838614327e+02
4.6302732172e+02
4.5774464996e+02
4.5253682709e+02
4.4740257832e+02
4.4234065439e+02
4.3734983094e+02
4.3242890798e+02
4.2757670929e+02
4.2279208191e+02
4.1807389560e+02
4.1342104231e+02
4.0883243568e+02
4.0430701057e+02
3.9984372257e+02
3.9544154752e+02
3.9109948107e+02
3.8681653826e+02
3.8259175305e+02
3.7842417791e+02
3.7431288345e+02
3.7025695794e+02
3.6625550702e+02
3.6230765325e+02
3.5841253575e+02
3.5456930988e+02
3.5077714682e+02
3.4703523331e+02
3.4334277124e+02
3.3969897735e+02
3.3610308296e+02
3.3255433356e+02
3.2905198860e+02
3.2559532114e+02
3.2218361759e+02
3.1881617741e+02
3.1549231283e+02
3.1221134862e+02
3.0897262176e+02
3.0577548127e+02
3.0261928789e+02
2.9950341385e+02
2.9642724267e+02
2.9339016890e+02
2.9039159786e+02
2.8743094548e+02
2.8450763806e+02
2.8162111204e+02
2.7877081380e+02
2.7595619948e+02
2.7317673477e+02
2.7043189470e+02
2.6772116348e+02
2.6504403430e+02
2.6240000914e+02
2.5978859862e+02
2.5720932182e+02
2.5466170610e+02
2.5214528694e+02
2.4965960778e+02
2.4720421990e+02
2.4477868217e+02
2.4238256103e+02
2.4001543023e+02
2.3767687075e+02
2.3536647065e+02
2.3308382490e+02
2.3082853531e+02
2.2860021032e+02
2.2639846494e+02
2.2422292059e+02
2.2207320497e+02
2.1994895198e+02
2.1784980156e+02
2.1577539958e+02
2.1372539777e+02
2.1169945355e+02
2.0969722996e+02
2.0771839555e+02
2.0576262428e+02
2.0382959539e+02
2.0191899333e+02
2.0003050767e+02
1.9816383298e+02
1.9631866873e+02
1.9449471926e+02
1.9269169362e+02
1.9090930550e+02
1.8914727319e+02
1.8740531943e+02
1.8568317138e+02
1.8398056053e+02
1.8229722258e+02
1.8063289742e+02
1.7898732903e+02
1.7736026539e+02
1.7575145845e+02
1.7416066402e+02
1.7258764170e+02
1.7103215485e+02
1.6949397048e+02
1.6797285924e+02
1.6646859527e+02
1.6498095623e+02
1.6350972318e+02
1.6205468053e+02
1.6061561600e+02
1.5919232056e+02
1.5778458833e+02
1.5639221659e+02
1.5501500568e+02
1.5365275897e+02
1.5230528277e+02
1.5097238635e+02
1.4965388181e+02
1.4834958408e+02
1.4705931087e+02
1.4578288259e+02
1.4452012234e+02
1.4327085585e+02
1.4203491143e+02
1.4081211992e+02
1.3960231468e+02
1.3840533151e+02
1.3722100863e+02
1.3604918664e+02
1.3488970845e+02
1.3374241929e+02
1.3260716663e+02
1.3148380019e+02
1.3037217182e+02
1.2927213556e+02
1.2818354754e+02
1.2710626597e+02
1.2604015110e+02
1.2498506519e+02
1.2394087247e+02
1.2290743911e+02
1.2188463321e+02
1.2087232473e+02
1.1987038547e+02
1.1887868908e+02
1.1789711097e+02
1.1692552833e+02
1.1596382007e+02
1.1501186680e+02
1.1406955083e+02
1.1313675609e+02
1.1221336816e+02
1.1129927419e+02
1.1039436292e+02
1.0949852464e+02
1.0861165116e+02
1.0773363577e+02
1.0686437325e+02
1.0600375984e+02
1.0515169319e+02
1.0430807237e+02
1.0347279782e+02
1.0264577136e+02
1.0182689613e+02
1.0101607661e+02
1.0021321857e+02
9.9418229064e+01
9.8631016391e+01
9.7851490107e+01
9.7079560983e+01
9.6315140991e+01
9.5558143289e+01
9.4808482198e+01
9.4066073189e+01
9.3330832862e+01
9.2602678929e+01
9.1881530199e+01
9.1167306561e+01
9.0459928966e+01
8.9759319411e+01
8.9065400926e+01
8.8378097556e+01
8.7697334344e+01
8.7023037322e+01
8.6355133489e+01
8.5693550802e+01
8.5038218159e+01
8.4389065385e+01
8.3746023221e+01
8.3109023305e+01
8.2477998164e+01
8.1852881199e+01
8.1233606672e+01
8.0620109691e+01
8.0012326202e+01
7.9410192973e+01
7.8813647586e+01
7.8222628420e+01
7.7637074643e+01
7.7056926198e+01
7.6482123794e+01
7.5912608896e+01
7.5348323708e+01
7.4789211171e+01
7.4235214943e+01
7.3686279397e+01
7.3142349606e+01
7.2603371333e+01
7.2069291023e+01
7.1540055793e+01
7.1015613422e+01
7.0495912339e+01
6.9980901618e+01
6.9470530968e+01
6.8964750720e+01
6.8463511824e+01
6.7966765836e+01
6.7474464912e+01
6.6986561796e+01
6.6503009816e+01
6.6023762874e+01
6.5548775438e+01
6.5078002533e+01
6.4611399735e+01
6.4148923163e+01
