-2.6445346759e+00 1.5561025846e+01 2.8523844227e-03
-1.9553170876e+00 1.5666520817e+01 5.1862252808e-03
-1.4437044990e+00 1.5757462870e+01 8.1238809286e-03
-1.0366671270e+00 1.5838600024e+01 1.1641080786e-02
-6.9862506757e-01 1.5912551368e+01 1.5719832300e-02
-4.0954343738e-01 1.5980943423e+01 2.0345982987e-02
-1.5701763698e-01 1.6044868413e+01 2.5507952611e-02
6.7168385001e-02 1.6105101805e+01 3.1195993778e-02
2.6873852374e-01 1.6162217708e+01 3.7401725192e-02
4.5184052111e-01 1.6216655251e+01 4.4117819331e-02
6.1957631112e-01 1.6268759236e+01 5.1337783834e-02
7.7432650789e-01 1.6318806278e+01 5.9055802919e-02
9.1795805257e-01 1.6367022311e+01 6.7266618943e-02
1.0519621313e+00 1.6413594709e+01 7.5965441760e-02
1.1775487030e+00 1.6458680911e+01 8.5147877930e-02
1.2957130527e+00 1.6502414723e+01 9.4809874440e-02
1.4072837520e+00 1.6544911001e+01 1.0494767328e-01
1.5129579322e+00 1.6586269208e+01 1.1555777429e-01
1.6133276942e+00 1.6626576159e+01 1.2663690440e-01
1.7089002027e+00 1.6665908161e+01 1.3818199194e-01
1.8001131924e+00 1.6704332714e+01 1.5019014488e-01
1.8873470903e+00 1.6741909871e+01 1.6265863240e-01
1.9709346020e+00 1.6778693341e+01 1.7558486900e-01
2.0511683745e+00 1.6814731385e+01 1.8896640079e-01
2.1283071793e+00 1.6850067566e+01 2.0280089362e-01
2.2025809473e+00 1.6884741362e+01 2.1708612266e-01
2.2741949015e+00 1.6918788680e+01 2.3181996320e-01
2.3433329749e+00 1.6952242301e+01 2.4700038263e-01
2.4101606573e+00 1.6985132237e+01 2.6262543322e-01
2.4748273815e+00 1.7017486059e+01 2.7869324573e-01
2.5374685357e+00 1.7049329159e+01 2.9520202369e-01
2.5982071700e+00 1.7080684983e+01 3.1215003828e-01
2.6571554516e+00 1.7111575241e+01 3.2953562364e-01
2.7144159118e+00 1.7142020075e+01 3.4735717274e-01
2.7700825183e+00 1.7172038213e+01 3.6561313357e-01
2.8242416039e+00 1.7201647111e+01 3.8430200566e-01
2.8769726714e+00 1.7230863062e+01 4.0342233692e-01
2.9283490955e+00 1.7259701308e+01 4.2297272083e-01
2.9784387373e+00 1.7288176130e+01 4.4295179369e-01
3.0273044829e+00 1.7316300930e+01 4.6335823230e-01
3.0750047181e+00 1.7344088309e+01 4.8419075166e-01
3.1215937480e+00 1.7371550126e+01 5.0544810293e-01
3.1671221686e+00 1.7398697563e+01 5.2712907152e-01
3.2116371969e+00 1.7425541177e+01 5.4923247533e-01
3.2551829655e+00 1.7452090944e+01 5.7175716312e-01
3.2978007853e+00 1.7478356310e+01 5.9470201298e-01
3.3395293814e+00 1.7504346222e+01 6.1806593091e-01
3.3804051038e+00 1.7530069169e+01 6.4184784951e-01
3.4204621187e+00 1.7555533212e+01 6.6604672674e-01
3.4597325790e+00 1.7580746016e+01 6.9066154477e-01
3.4982467803e+00 1.7605714873e+01 7.1569130891e-01
3.5360333008e+00 1.7630446730e+01 7.4113504658e-01
3.5731191285e+00 1.7654948210e+01 7.6699180637e-01
3.6095297778e+00 1.7679225634e+01 7.9326065715e-01
3.6452893939e+00 1.7703285039e+01 8.1994068724e-01
3.6804208500e+00 1.7727132193e+01 8.4703100357e-01
3.7149458342e+00 1.7750772619e+01 8.7453073101e-01
3.7488849307e+00 1.7774211600e+01 9.0243901159e-01
3.7822576932e+00 1.7797454200e+01 9.3075500389e-01
3.8150827124e+00 1.7820505274e+01 9.5947788237e-01
3.8473776784e+00 1.7843369480e+01 9.8860683682e-01
3.8791594381e+00 1.7866051291e+01 1.0181410717e+00
3.9104440475e+00 1.7888555002e+01 1.0480798058e+00
3.9412468208e+00 1.7910884745e+01 1.0784222715e+00
3.9715823754e+00 1.7933044493e+01 1.1091677143e+00
4.0014646735e+00 1.7955038071e+01 1.1403153927e+00
4.0309070603e+00 1.7976869161e+01 1.1718645772e+00
4.0599223007e+00 1.7998541312e+01 1.2038145505e+00
4.0885226113e+00 1.8020057946e+01 1.2361646065e+00
4.1167196926e+00 1.8041422365e+01 1.2689140505e+00
4.1445247567e+00 1.8062637752e+01 1.3020621983e+00
4.1719485544e+00 1.8083707185e+01 1.3356083762e+00
4.1990014006e+00 1.8104633634e+01 1.3695519207e+00
4.2256931968e+00 1.8125419972e+01 1.4038921779e+00
4.2520334534e+00 1.8146068976e+01 1.4386285034e+00
4.2780313101e+00 1.8166583332e+01 1.4737602620e+00
4.3036955544e+00 1.8186965641e+01 1.5092868273e+00
4.3290346401e+00 1.8207218421e+01 1.5452075817e+00
4.3540567035e+00 1.8227344109e+01 1.5815219158e+00
4.3787695794e+00 1.8247345069e+01 1.6182292283e+00
4.4031808155e+00 1.8267223592e+01 1.6553289261e+00
4.4272976867e+00 1.8286981898e+01 1.6928204233e+00
4.4511272078e+00 1.8306622144e+01 1.7307031418e+00
4.4746761455e+00 1.8326146419e+01 1.7689765107e+00
4.4979510308e+00 1.8345556755e+01 1.8076399659e+00
4.5209581688e+00 1.8364855123e+01 1.8466929504e+00
4.5437036498e+00 1.8384043439e+01 1.8861349138e+00
4.5661933584e+00 1.8403123565e+01 1.9259653120e+00
4.5884329830e+00 1.8422097310e+01 1.9661836075e+00
4.6104280244e+00 1.8440966434e+01 2.0067892687e+00
4.6321838039e+00 1.8459732649e+01 2.0477817700e+00
4.6537054707e+00 1.8478397620e+01 2.0891605919e+00
4.6749980098e+00 1.8496962968e+01 2.1309252201e+00
4.6960662487e+00 1.8515430272e+01 2.1730751462e+00
4.7169148638e+00 1.8533801070e+01 2.2156098670e+00
4.7375483868e+00 1.8552076857e+01 2.2585288848e+00
4.7579712106e+00 1.8570259094e+01 2.3018317066e+00
4.7781875947e+00 1.8588349203e+01 2.3455178448e+00
4.7982016710e+00 1.8606348569e+01 2.3895868164e+00
4.8180174484e+00 1.8624258545e+01 2.4340381434e+00
4.8376388179e+00 1.8642080449e+01 2.4788713522e+00
4.8570695570e+00 1.8659815569e+01 2.5240859737e+00
4.8763133343e+00 1.8677465160e+01 2.5696815436e+00
4.8953737133e+00 1.8695030446e+01 2.6156576015e+00
4.9142541568e+00 1.8712512626e+01 2.6620136914e+00
4.9329580302e+00 1.8729912868e+01 2.7087493614e+00
4.9514886057e+00 1.8747232312e+01 2.7558641636e+00
4.9698490650e+00 1.8764472075e+01 2.8033576540e+00
4.9880425031e+00 1.8781633245e+01 2.8512293925e+00
5.0060719316e+00 1.8798716889e+01 2.8994789428e+00
5.0239402808e+00 1.8815724047e+01 2.9481058720e+00
5.0416504037e+00 1.8832655737e+01 2.9971097511e+00
5.0592050779e+00 1.8849512956e+01 3.0464901545e+00
5.0766070085e+00 1.8866296678e+01 3.0962466599e+00
5.0938588307e+00 1.8883007855e+01 3.1463788485e+00
5.1109631119e+00 1.8899647420e+01 3.1968863047e+00
5.1279223544e+00 1.8916216286e+01 3.2477686162e+00
5.1447389973e+00 1.8932715347e+01 3.2990253736e+00
5.1614154187e+00 1.8949145477e+01 3.3506561709e+00
5.1779539377e+00 1.8965507534e+01 3.4026606048e+00
5.1943568162e+00 1.8981802356e+01 3.4550382751e+00
5.2106262611e+00 1.8998030765e+01 3.5077887844e+00
5.2267644258e+00 1.9014193568e+01 3.5609117382e+00
5.2427734120e+00 1.9030291553e+01 3.6144067447e+00
5.2586552713e+00 1.9046325494e+01 3.6682734148e+00
5.2744120067e+00 1.9062296149e+01 3.7225113619e+00
5.2900455746e+00 1.9078204262e+01 3.7771202023e+00
5.3055578855e+00 1.9094050561e+01 3.8320995545e+00
5.3209508059e+00 1.9109835763e+01 3.8874490396e+00
5.3362261595e+00 1.9125560568e+01 3.9431682813e+00
5.3513857287e+00 1.9141225664e+01 3.9992569053e+00
5.3664312556e+00 1.9156831726e+01 4.0557145399e+00
5.3813644430e+00 1.9172379417e+01 4.1125408157e+00
5.3961869563e+00 1.9187869387e+01 4.1697353653e+00
5.4109004238e+00 1.9203302273e+01 4.2272978238e+00
5.4255064382e+00 1.9218678703e+01 4.2852278281e+00
5.4400065577e+00 1.9233999291e+01 4.3435250174e+00
5.4544023067e+00 1.9249264642e+01 4.4021890330e+00
5.4686951770e+00 1.9264475349e+01 4.4612195180e+00
5.4828866286e+00 1.9279631994e+01 4.5206161177e+00
5.4969780905e+00 1.9294735149e+01 4.5803784792e+00
5.5109709621e+00 1.9309785377e+01 4.6405062514e+00
5.5248666133e+00 1.9324783232e+01 4.7009990853e+00
5.5386663856e+00 1.9339729254e+01 4.7618566336e+00
5.5523715933e+00 1.9354623979e+01 4.8230785506e+00
5.5659835233e+00 1.9369467931e+01 4.8846644927e+00
5.5795034370e+00 1.9384261625e+01 4.9466141177e+00
5.5929325700e+00 1.9399005569e+01 5.0089270853e+00
5.6062721333e+00 1.9413700262e+01 5.0716030565e+00
5.6195233137e+00 1.9428346192e+01 5.1346416944e+00
5.6326872748e+00 1.9442943844e+01 5.1980426633e+00
5.6457651573e+00 1.9457493690e+01 5.2618056291e+00
5.6587580795e+00 1.9471996199e+01 5.3259302594e+00
5.6716671382e+00 1.9486451827e+01 5.3904162230e+00
5.6844934090e+00 1.9500861029e+01 5.4552631903e+00
5.6972379472e+00 1.9515224247e+01 5.5204708332e+00
5.7099017876e+00 1.9529541919e+01 5.5860388250e+00
5.7224859460e+00 1.9543814477e+01 5.6519668400e+00
5.7349914186e+00 1.9558042343e+01 5.7182545544e+00
5.7474191834e+00 1.9572225935e+01 5.7849016452e+00
5.7597702003e+00 1.9586365664e+01 5.8519077910e+00
5.7720454112e+00 1.9600461933e+01 5.9192726716e+00
5.7842457411e+00 1.9614515142e+01 5.9869959679e+00
5.7963720980e+00 1.9628525683e+01 6.0550773621e+00
5.8084253735e+00 1.9642493942e+01 6.1235165376e+00
5.8204064432e+00 1.9656420299e+01 6.1923131790e+00
5.8323161671e+00 1.9670305129e+01 6.2614669718e+00
5.8441553898e+00 1.9684148802e+01 6.3309776030e+00
5.8559249412e+00 1.9697951681e+01 6.4008447602e+00
5.8676256364e+00 1.9711714125e+01 6.4710681324e+00
5.8792582764e+00 1.9725436488e+01 6.5416474097e+00
5.8908236484e+00 1.9739119116e+01 6.6125822828e+00
5.9023225257e+00 1.9752762355e+01 6.6838724439e+00
5.9137556687e+00 1.9766366541e+01 6.7555175859e+00
5.9251238247e+00 1.9779932008e+01 6.8275174025e+00
5.9364277282e+00 1.9793459085e+01 6.8998715888e+00
5.9476681015e+00 1.9806948096e+01 6.9725798403e+00
5.9588456547e+00 1.9820399361e+01 7.0456418538e+00
5.9699610861e+00 1.9833813195e+01 7.1190573267e+00
5.9810150824e+00 1.9847189908e+01 7.1928259574e+00
5.9920083189e+00 1.9860529807e+01 7.2669474450e+00
6.0029414599e+00 1.9873833194e+01 7.3414214895e+00
6.0138151590e+00 1.9887100367e+01 7.4162477919e+00
6.0246300589e+00 1.9900331621e+01 7.4914260535e+00
6.0353867922e+00 1.9913527246e+01 7.5669559768e+00
6.0460859812e+00 1.9926687528e+01 7.6428372647e+00
6.0567282383e+00 1.9939812749e+01 7.7190696212e+00
6.0673141662e+00 1.9952903189e+01 7.7956527507e+00
6.0778443580e+00 1.9965959122e+01 7.8725863584e+00
6.0883193977e+00 1.9978980819e+01 7.9498701501e+00
6.0987398598e+00 1.9991968550e+01 8.0275038324e+00
6.1091063102e+00 2.0004922577e+01 8.1054871123e+00
6.1194193059e+00 2.0017843162e+01 8.1838196978e+00
6.1296793953e+00 2.0030730563e+01 8.2625012972e+00
6.1398871186e+00 2.0043585034e+01 8.3415316194e+00
6.1500430075e+00 2.0056406827e+01 8.4209103741e+00
6.1601475858e+00 2.0069196189e+01 8.5006372712e+00
6.1702013693e+00 2.0081953365e+01 8.5807120216e+00
6.1802048663e+00 2.0094678596e+01 8.6611343363e+00
6.1901585772e+00 2.0107372123e+01 8.7419039271e+00
6.2000629952e+00 2.0120034180e+01 8.8230205061e+00
6.2099186060e+00 2.0132665000e+01 8.9044837861e+00
6.2197258883e+00 2.0145264813e+01 8.9862934803e+00
6.2294853138e+00 2.0157833848e+01 9.0684493022e+00
6.2391973473e+00 2.0170372327e+01 9.1509509659e+00
6.2488624468e+00 2.0182880473e+01 9.2337981860e+00
6.2584810638e+00 2.0195358505e+01 9.3169906772e+00
6.2680536432e+00 2.0207806640e+01 9.4005281550e+00
6.2775806236e+00 2.0220225091e+01 9.4844103351e+00
6.2870624374e+00 2.0232614069e+01 9.5686369335e+00
6.2964995108e+00 2.0244973784e+01 9.6532076667e+00
6.3058922641e+00 2.0257304442e+01 9.7381222514e+00
6.3152411117e+00 2.0269606247e+01 9.8233804049e+00
6.3245464619e+00 2.0281879400e+01 9.9089818446e+00
6.3338087179e+00 2.0294124101e+01 9.9949262882e+00
6.3430282768e+00 2.0306340547e+01 1.0081213454e+01
6.3522055305e+00 2.0318528932e+01 1.0167843060e+01
6.3613408655e+00 2.0330689449e+01 1.0254814825e+01
6.3704346630e+00 2.0342822288e+01 1.0342128468e+01
6.3794872990e+00 2.0354927637e+01 1.0429783708e+01
6.3884991444e+00 2.0367005683e+01 1.0517780265e+01
6.3974705653e+00 2.0379056609e+01 1.0606117858e+01
6.4064019226e+00 2.0391080597e+01 1.0694796207e+01
6.4152935726e+00 2.0403077827e+01 1.0783815032e+01
6.4241458668e+00 2.0415048476e+01 1.0873174053e+01
6.4329591520e+00 2.0426992722e+01 1.0962872991e+01
6.4417337705e+00 2.0438910737e+01 1.1052911566e+01
6.4504700602e+00 2.0450802693e+01 1.1143289500e+01
6.4591683544e+00 2.0462668762e+01 1.1234006512e+01
6.4678289822e+00 2.0474509110e+01 1.1325062325e+01
6.4764522684e+00 2.0486323906e+01 1.1416456658e+01
6.4850385336e+00 2.0498113313e+01 1.1508189235e+01
6.4935880944e+00 2.0509877494e+01 1.1600259775e+01
6.5021012632e+00 2.0521616611e+01 1.1692668001e+01
6.5105783485e+00 2.0533330823e+01 1.1785413635e+01
6.5190196550e+00 2.0545020289e+01 1.1878496397e+01
6.5274254833e+00 2.0556685163e+01 1.1971916009e+01
6.5357961304e+00 2.0568325601e+01 1.2065672194e+01
6.5441318896e+00 2.0579941756e+01 1.2159764673e+01
6.5524330505e+00 2.0591533779e+01 1.2254193168e+01
6.5606998992e+00 2.0603101820e+01 1.2348957401e+01
6.5689327181e+00 2.0614646026e+01 1.2444057095e+01
6.5771317862e+00 2.0626166546e+01 1.2539491970e+01
6.5852973792e+00 2.0637663523e+01 1.2635261748e+01
6.5934297692e+00 2.0649137102e+01 1.2731366153e+01
6.6015292252e+00 2.0660587425e+01 1.2827804905e+01
6.6095960128e+00 2.0672014633e+01 1.2924577727e+01
6.6176303946e+00 2.0683418865e+01 1.3021684339e+01
6.6256326298e+00 2.0694800260e+01 1.3119124465e+01
6.6336029747e+00 2.0706158953e+01 1.3216897826e+01
6.6415416825e+00 2.0717495081e+01 1.3315004143e+01
6.6494490032e+00 2.0728808777e+01 1.3413443138e+01
6.6573251842e+00 2.0740100173e+01 1.3512214533e+01
6.6651704697e+00 2.0751369402e+01 1.3611318048e+01
6.6729851011e+00 2.0762616593e+01 1.3710753406e+01
6.6807693171e+00 2.0773841875e+01 1.3810520326e+01
6.6885233535e+00 2.0785045376e+01 1.3910618531e+01
6.6962474434e+00 2.0796227221e+01 1.4011047741e+01
6.7039418173e+00 2.0807387537e+01 1.4111807677e+01
6.7116067029e+00 2.0818526446e+01 1.4212898059e+01
6.7192423254e+00 2.0829644071e+01 1.4314318609e+01
6.7268489074e+00 2.0840740535e+01 1.4416069045e+01
6.7344266689e+00 2.0851815957e+01 1.4518149089e+01
6.7419758275e+00 2.0862870457e+01 1.4620558460e+01
6.7494965983e+00 2.0873904153e+01 1.4723296878e+01
6.7569891940e+00 2.0884917162e+01 1.4826364062e+01
6.7644538250e+00 2.0895909599e+01 1.4929759732e+01
6.7718906991e+00 2.0906881580e+01 1.5033483607e+01
6.7793000222e+00 2.0917833218e+01 1.5137535405e+01
6.7866819975e+00 2.0928764627e+01 1.5241914845e+01
6.7940368261e+00 2.0939675917e+01 1.5346621646e+01
6.8013647071e+00 2.0950567200e+01 1.5451655525e+01
6.8086658372e+00 2.0961438585e+01 1.5557016201e+01
6.8159404109e+00 2.0972290180e+01 1.5662703391e+01
6.8231886208e+00 2.0983122095e+01 1.5768716811e+01
6.8304106572e+00 2.0993934434e+01 1.5875056180e+01
6.8376067085e+00 2.1004727304e+01 1.5981721214e+01
6.8447769611e+00 2.1015500810e+01 1.6088711629e+01
6.8519215992e+00 2.1026255056e+01 1.6196027141e+01
6.8590408052e+00 2.1036990144e+01 1.6303667467e+01
6.8661347595e+00 2.1047706177e+01 1.6411632320e+01
6.8732036406e+00 2.1058403255e+01 1.6519921417e+01
6.8802476251e+00 2.1069081479e+01 1.6628534472e+01
6.8872668879e+00 2.1079740948e+01 1.6737471200e+01
6.8942616017e+00 2.1090381761e+01 1.6846731314e+01
6.9012319378e+00 2.1101004016e+01 1.6956314528e+01
6.9081780654e+00 2.1111607808e+01 1.7066220555e+01
6.9151001521e+00 2.1122193234e+01 1.7176449109e+01
6.9219983638e+00 2.1132760390e+01 1.7286999901e+01
6.9288728646e+00 2.1143309369e+01 1.7397872643e+01
6.9357238170e+00 2.1153840264e+01 1.7509067048e+01
6.9425513816e+00 2.1164353170e+01 1.7620582826e+01
6.9493557177e+00 2.1174848176e+01 1.7732419688e+01
6.9561369828e+00 2.1185325375e+01 1.7844577344e+01
6.9628953328e+00 2.1195784857e+01 1.7957055505e+01
6.9696309220e+00 2.1206226712e+01 1.8069853879e+01
6.9763439033e+00 2.1216651028e+01 1.8182972176e+01
6.9830344279e+00 2.1227057893e+01 1.8296410104e+01
6.9897026455e+00 2.1237447395e+01 1.8410167371e+01
6.9963487044e+00 2.1247819620e+01 1.8524243685e+01
7.0029727513e+00 2.1258174654e+01 1.8638638752e+01
7.0095749317e+00 2.1268512583e+01 1.8753352279e+01
7.0161553894e+00 2.1278833490e+01 1.8868383972e+01
7.0227142669e+00 2.1289137461e+01 1.8983733537e+01
7.0292517052e+00 2.1299424577e+01 1.9099400678e+01
7.0357678440e+00 2.1309694921e+01 1.9215385100e+01
7.0422628218e+00 2.1319948576e+01 1.9331686506e+01
7.0487367754e+00 2.1330185621e+01 1.9448304600e+01
7.0551898406e+00 2.1340406138e+01 1.9565239085e+01
7.0616221517e+00 2.1350610207e+01 1.9682489663e+01
7.0680338418e+00 2.1360797906e+01 1.9800056035e+01
7.0744250427e+00 2.1370969314e+01 1.9917937902e+01
7.0807958849e+00 2.1381124509e+01 2.0036134965e+01
7.0871464977e+00 2.1391263568e+01 2.0154646923e+01
7.0934770092e+00 2.1401386569e+01 2.0273473476e+01
7.0997875462e+00 2.1411493586e+01 2.0392614322e+01
7.1060782344e+00 2.1421584695e+01 2.0512069159e+01
7.1123491982e+00 2.1431659972e+01 2.0631837685e+01
7.1186005610e+00 2.1441719491e+01 2.0751919595e+01
7.1248324448e+00 2.1451763325e+01 2.0872314586e+01
7.1310449708e+00 2.1461791547e+01 2.0993022354e+01
7.1372382588e+00 2.1471804231e+01 2.1114042592e+01
7.1434124276e+00 2.1481801447e+01 2.1235374996e+01
7.1495675948e+00 2.1491783268e+01 2.1357019257e+01
7.1557038771e+00 2.1501749764e+01 2.1478975069e+01
7.1618213900e+00 2.1511701007e+01 2.1601242124e+01
7.1679202479e+00 2.1521637064e+01 2.1723820112e+01
7.1740005644e+00 2.1531558007e+01 2.1846708724e+01
7.1800624517e+00 2.1541463903e+01 2.1969907650e+01
7.1861060213e+00 2.1551354822e+01 2.2093416579e+01
7.1921313836e+00 2.1561230830e+01 2.2217235199e+01
7.1981386478e+00 2.1571091994e+01 2.2341363197e+01
7.2041279225e+00 2.1580938383e+01 2.2465800260e+01
7.2100993150e+00 2.1590770061e+01 2.2590546075e+01
7.2160529318e+00 2.1600587095e+01 2.2715600325e+01
7.2219888784e+00 2.1610389550e+01 2.2840962696e+01
7.2279072594e+00 2.1620177490e+01 2.2966632871e+01
7.2338081784e+00 2.1629950980e+01 2.3092610533e+01
7.2396917382e+00 2.1639710084e+01 2.3218895363e+01
7.2455580407e+00 2.1649454865e+01 2.3345487043e+01
7.2514071866e+00 2.1659185386e+01 2.3472385253e+01
7.2572392763e+00 2.1668901709e+01 2.3599589673e+01
7.2630544087e+00 2.1678603896e+01 2.3727099980e+01
7.2688526822e+00 2.1688292009e+01 2.3854915853e+01
7.2746341943e+00 2.1697966109e+01 2.3983036969e+01
7.2803990417e+00 2.1707626257e+01 2.4111463002e+01
7.2861473200e+00 2.1717272512e+01 2.4240193630e+01
7.2918791244e+00 2.1726904935e+01 2.4369228524e+01
7.2975945489e+00 2.1736523584e+01 2.4498567360e+01
7.3032936869e+00 2.1746128519e+01 2.4628209809e+01
7.3089766309e+00 2.1755719799e+01 2.4758155542e+01
7.3146434728e+00 2.1765297481e+01 2.4888404230e+01
7.3202943034e+00 2.1774861622e+01 2.5018955543e+01
7.3259292131e+00 2.1784412281e+01 2.5149809149e+01
7.3315482913e+00 2.1793949514e+01 2.5280964716e+01
7.3371516266e+00 2.1803473378e+01 2.5412421910e+01
7.3427393072e+00 2.1812983928e+01 2.5544180397e+01
7.3483114201e+00 2.1822481220e+01 2.5676239841e+01
7.3538680520e+00 2.1831965310e+01 2.5808599907e+01
7.3594092885e+00 2.1841436253e+01 2.5941260256e+01
7.3649352148e+00 2.1850894102e+01 2.6074220552e+01
7.3704459152e+00 2.1860338913e+01 2.6207480453e+01
7.3759414734e+00 2.1869770739e+01 2.6341039620e+01
7.3814219724e+00 2.1879189633e+01 2.6474897711e+01
7.3868874945e+00 2.1888595648e+01 2.6609054384e+01
7.3923381213e+00 2.1897988837e+01 2.6743509295e+01
7.3977739338e+00 2.1907369253e+01 2.6878262099e+01
7.4031950124e+00 2.1916736947e+01 2.7013312450e+01
7.4086014366e+00 2.1926091972e+01 2.7148660003e+01
7.4139932855e+00 2.1935434377e+01 2.7284304407e+01
7.4193706374e+00 2.1944764215e+01 2.7420245316e+01
7.4247335701e+00 2.1954081535e+01 2.7556482377e+01
7.4300821608e+00 2.1963386389e+01 2.7693015241e+01
7.4354164859e+00 2.1972678825e+01 2.7829843553e+01
7.4407366213e+00 2.1981958894e+01 2.7966966961e+01
7.4460426424e+00 2.1991226645e+01 2.8104385110e+01
7.4513346237e+00 2.2000482126e+01 2.8242097644e+01
7.4566126395e+00 2.2009725387e+01 2.8380104205e+01
7.4618767631e+00 2.2018956475e+01 2.8518404435e+01
7.4671270677e+00 2.2028175439e+01 2.8656997974e+01
7.4723636255e+00 2.2037382326e+01 2.8795884462e+01
7.4775865083e+00 2.2046577183e+01 2.8935063536e+01
7.4827957874e+00 2.2055760058e+01 2.9074534833e+01
7.4879915334e+00 2.2064930998e+01 2.9214297988e+01
7.4931738165e+00 2.2074090047e+01 2.9354352636e+01
7.4983427063e+00 2.2083237254e+01 2.9494698409e+01
7.5034982718e+00 2.2092372664e+01 2.9635334939e+01
7.5086405815e+00 2.2101496321e+01 2.9776261855e+01
7.5137697034e+00 2.2110608272e+01 2.9917478788e+01
7.5188857051e+00 2.2119708561e+01 3.0058985364e+01
7.5239886534e+00 2.2128797234e+01 3.0200781209e+01
7.5290786147e+00 2.2137874333e+01 3.0342865950e+01
7.5341556551e+00 2.2146939905e+01 3.0485239209e+01
7.5392198400e+00 2.2155993991e+01 3.0627900608e+01
7.5442712343e+00 2.2165036636e+01 3.0770849768e+01
7.5493099024e+00 2.2174067884e+01 3.0914086309e+01
7.5543359083e+00 2.2183087776e+01 3.1057609849e+01
7.5593493155e+00 2.2192096356e+01 3.1201420003e+01
7.5643501869e+00 2.2201093667e+01 3.1345516389e+01
7.5693385852e+00 2.2210079750e+01 3.1489898618e+01
7.5743145724e+00 2.2219054647e+01 3.1634566303e+01
7.5792782101e+00 2.2228018401e+01 3.1779519056e+01
7.5842295595e+00 2.2236971051e+01 3.1924756485e+01
7.5891686811e+00 2.2245912641e+01 3.2070278199e+01
7.5940956354e+00 2.2254843210e+01 3.2216083803e+01
7.5990104820e+00 2.2263762799e+01 3.2362172902e+01
7.6039132804e+00 2.2272671449e+01 3.2508545100e+01
7.6088040894e+00 2.2281569199e+01 3.2655199998e+01
7.6136829676e+00 2.2290456090e+01 3.2802137197e+01
7.6185499731e+00 2.2299332161e+01 3.2949356295e+01
7.6234051634e+00 2.2308197452e+01 3.3096856889e+01
7.6282485958e+00 2.2317052002e+01 3.3244638575e+01
7.6330803271e+00 2.2325895850e+01 3.3392700946e+01
7.6379004138e+00 2.2334729034e+01 3.3541043595e+01
7.6427089117e+00 2.2343551593e+01 3.3689666112e+01
7.6475058766e+00 2.2352363566e+01 3.3838568085e+01
7.6522913635e+00 2.2361164989e+01 3.3987749103e+01
7.6570654273e+00 2.2369955902e+01 3.4137208751e+01
7.6618281224e+00 2.2378736342e+01 3.4286946613e+01
7.6665795028e+00 2.2387506345e+01 3.4436962270e+01
7.6713196222e+00 2.2396265950e+01 3.4587255304e+01
7.6760485337e+00 2.2405015192e+01 3.4737825293e+01
7.6807662903e+00 2.2413754110e+01 3.4888671813e+01
7.6854729445e+00 2.2422482738e+01 3.5039794441e+01
7.6901685484e+00 2.2431201114e+01 3.5191192750e+01
7.6948531537e+00 2.2439909274e+01 3.5342866310e+01
7.6995268119e+00 2.2448607252e+01 3.5494814693e+01
7.7041895741e+00 2.2457295086e+01 3.5647037466e+01
7.7088414908e+00 2.2465972810e+01 3.5799534195e+01
7.7134826125e+00 2.2474640460e+01 3.5952304445e+01
7.7181129891e+00 2.2483298070e+01 3.6105347778e+01
7.7227326703e+00 2.2491945675e+01 3.6258663754e+01
7.7273417053e+00 2.2500583311e+01 3.6412251932e+01
7.7319401432e+00 2.2509211010e+01 3.6566111870e+01
7.7365280325e+00 2.2517828809e+01 3.6720243121e+01
7.7411054215e+00 2.2526436740e+01 3.6874645238e+01
7.7456723581e+00 2.2535034837e+01 3.7029317774e+01
7.7502288901e+00 2.2543623135e+01 3.7184260275e+01
7.7547750647e+00 2.2552201666e+01 3.7339472290e+01
7.7593109288e+00 2.2560770463e+01 3.7494953363e+01
7.7638365292e+00 2.2569329561e+01 3.7650703038e+01
7.7683519122e+00 2.2577878991e+01 3.7806720854e+01
7.7728571238e+00 2.2586418786e+01 3.7963006351e+01
7.7773522097e+00 2.2594948979e+01 3.8119559066e+01
7.7818372154e+00 2.2603469603e+01 3.8276378533e+01
7.7863121860e+00 2.2611980688e+01 3.8433464284e+01
7.7907771662e+00 2.2620482268e+01 3.8590815849e+01
7.7952322006e+00 2.2628974374e+01 3.8748432758e+01
7.7996773334e+00 2.2637457038e+01 3.8906314536e+01
7.8041126085e+00 2.2645930290e+01 3.9064460707e+01
7.8085380695e+00 2.2654394163e+01 3.9222870792e+01
7.8129537597e+00 2.2662848687e+01 3.9381544311e+01
7.8173597223e+00 2.2671293893e+01 3.9540480781e+01
7.8217560000e+00 2.2679729813e+01 3.9699679717e+01
7.8261426352e+00 2.2688156476e+01 3.9859140632e+01
7.8305196702e+00 2.2696573913e+01 4.0018863035e+01
7.8348871469e+00 2.2704982154e+01 4.0178846435e+01
7.8392451070e+00 2.2713381230e+01 4.0339090338e+01
7.8435935917e+00 2.2721771170e+01 4.0499594246e+01
7.8479326424e+00 2.2730152004e+01 4.0660357661e+01
7.8522622997e+00 2.2738523761e+01 4.0821380081e+01
7.8565826043e+00 2.2746886471e+01 4.0982661003e+01
7.8608935965e+00 2.2755240164e+01 4.1144199919e+01
7.8651953164e+00 2.2763584868e+01 4.1305996321e+01
7.8694878037e+00 2.2771920612e+01 4.1468049698e+01
7.8737710980e+00 2.2780247425e+01 4.1630359536e+01
7.8780452386e+00 2.2788565336e+01 4.1792925319e+01
7.8823102645e+00 2.2796874374e+01 4.1955746528e+01
7.8865662146e+00 2.2805174566e+01 4.2118822640e+01
7.8908131274e+00 2.2813465940e+01 4.2282153134e+01
7.8950510411e+00 2.2821748526e+01 4.2445737480e+01
7.8992799938e+00 2.2830022350e+01 4.2609575152e+01
7.9035000234e+00 2.2838287441e+01 4.2773665616e+01
7.9077111674e+00 2.2846543825e+01 4.2938008337e+01
7.9119134632e+00 2.2854791531e+01 4.3102602780e+01
7.9161069478e+00 2.2863030586e+01 4.3267448402e+01
7.9202916582e+00 2.2871261017e+01 4.3432544663e+01
7.9244676310e+00 2.2879482851e+01 4.3597891016e+01
7.9286349025e+00 2.2887696115e+01 4.3763486912e+01
7.9327935090e+00 2.2895900835e+01 4.3929331802e+01
7.9369434865e+00 2.2904097039e+01 4.4095425130e+01
7.9410848706e+00 2.2912284752e+01 4.4261766340e+01
7.9452176969e+00 2.2920464002e+01 4.4428354871e+01
7.9493420007e+00 2.2928634813e+01 4.4595190162e+01
7.9534578171e+00 2.2936797213e+01 4.4762271647e+01
7.9575651808e+00 2.2944951227e+01 4.4929598757e+01
7.9616641267e+00 2.2953096881e+01 4.5097170920e+01
7.9657546890e+00 2.2961234201e+01 4.5264987562e+01
7.9698369021e+00 2.2969363212e+01 4.5433048105e+01
7.9739107999e+00 2.2977483939e+01 4.5601351968e+01
7.9779764162e+00 2.2985596409e+01 4.5769898567e+01
7.9820337847e+00 2.2993700645e+01 4.5938687317e+01
7.9860829387e+00 2.3001796673e+01 4.6107717625e+01
7.9901239115e+00 2.3009884519e+01 4.6276988899e+01
7.9941567360e+00 2.3017964205e+01 4.6446500543e+01
7.9981814450e+00 2.3026035759e+01 4.6616251956e+01
8.0021980712e+00 2.3034099203e+01 4.6786242536e+01
8.0062066468e+00 2.3042154562e+01 4.6956471675e+01
8.0102072042e+00 2.3050201861e+01 4.7126938765e+01
8.0141997754e+00 2.3058241123e+01 4.7297643193e+01
