0
0
0
0
0
0
0
0
0
0
0
0
0
0
0
0
0
0
0
0
0
0
0
0
0
0
0
0
0
0
0
0
0
0
0
0
0.00248510250000000
0.00245840760000000
0.00243248580000000
0.00240729363000000
0.00238279122000000
0.00235894212000000
0.00233571285000000
0.00231307263000000
0.00229099302000000
0.00226944747000000
0.00224841168000000
0.00222786279000000
0.00220777983000000
0.00218814282000000
0.00216893340000000
0.00215013429000000
0.00213172920000000
0.00211370301000000
0.00209604132000000
0.00207873063000000
0.00206175834000000
0.00204511239000000
0.00202878135000000
0.00201275460000000
0.00199702188000000
0.00198157365000000
0.00196640073000000
0.00195149430000000
0.00193684626000000
0.00192244869000000
0.00190829412000000
0.00189437526000000
0.00188068545000000
0.00186721812000000
0.00185396706000000
0.00184092633000000
0.00182809017000000
0.00181545318000000
0.00180301014000000
0.00179075610000000
0.00177868611000000
0.00176679558000000
0.00175508019000000
0.00174353562000000
0.00173215782000000
0.00172094274000000
0.00170988669000000
0.00169898589000000
0.00168823692000000
0.00167763645000000
0.00166718106000000
0.00165686760000000
0.00164669310000000
0.00163665459000000
0.00162674919000000
0.00161697411000000
0.00160732683000000
0.00159780465000000
0.00158840505000000
0.00157912578000000
0.00156996432000000
0.00156091851000000
0.00155198610000000
0.00154316502000000
0.00153445311000000
0.00152584848000000
0.00151734906000000
0.00150895305000000
0.00150065856000000
0.00149246388000000
0.00148436721000000
0.00147636684000000
0.00146846124000000
0.00146064870000000
0.00145292778000000
0.00144529686000000
0.00143775450000000
0.00143029935000000
0.00142292988000000
0.00141564483000000
0.00140844285000000
0.00140132268000000
0.00139428297000000
0.00138732255000000
0.00138044025000000
0.00137363490000000
0.00136690524000000
0.00136025037000000
0.00135366894000000
0.00134716014000000
0.00134072271000000
0.00133435584000000
0.00132805836000000
0.00132182946000000
0.00131566806000000
0.00130957335000000
0.00130354425000000
0.00129758013000000
0.00129167991000000
0.00128584278000000
0.00128006793000000
0.00127435455000000
0.00126870192000000
0.00126310914000000
0.00125757549000000
0.00125210025000000
0.00124668261000000
0.00124132194000000
0.00123601752000000
0.00123076854000000
0.00122557446000000
0.00122043465000000
0.00121534830000000
0.00121031487000000
0.00120533364000000
0.00120040416000000
0.00119552571000000
0.00119069766000000
0.00118591956000000
0.00118119069000000
0.00117651069000000
0.00117187875000000
0.00116729451000000
0.00116275743000000
0.00115826688000000
0.00115382241000000
0.00114942348000000
0.00114506973000000
0.00114076053000000
0.00113649543000000
0.00113227389000000
0.00112809564000000
0.00112396005000000
0.00111986676000000
0.00111581523000000
0.00111180519000000
0.00110783601000000
0.00110390742000000
0.00110001897000000
0.00109617030000000
0.00109236087000000
0.00108859041000000
0.00108485838000000
0.00108116460000000
0.00107750862000000
0.00107388999000000
0.00107030844000000
0.00106676352000000
0.00106325496000000
0.00105978231000000
0.00105634530000000
0.00105294366000000
0.00104957694000000
0.00104624478000000
0.00104294700000000
0.00103968315000000
0.00103645296000000
0.00103325607000000
0.00103009230000000
0.00102696120000000
0.00102386259000000
0.00102079611000000
0.00101776140000000
0.00101475837000000
0.00101178657000000
0.00100884573000000
0.00100593567000000
0.00100305603000000
0.00100020654000000
0.000997387020000000
0.000994597200000000
0.000991836630000000
0.000989105310000000
0.000986402880000000
0.000983729070000000
0.000981083610000000
0.000978466320000000
0.000975876930000000
0.000973315260000000
0.000970780950000000
0.000968273910000000
0.000965793870000000
0.000963340560000000
0.000960913710000000
0.000958513230000000
0.000956138850000000
0.000953790390000000
0.000951467580000000
0.000949170150000000
0.000946898010000000
0.000944650890000000
0.000942428700000000
0.000940231080000000
0.000938057850000000
0.000935908920000000
0.000933784110000000
0.000931683060000000
0.000929605680000000
0.000927551880000000
0.000925521300000000
0.000923513850000000
0.000921529260000000
0.000919567530000000
0.000917628300000000
0.000915711570000000
0.000913816980000000
0.000911944440000000
0.000910093860000000
0.000908264970000000
0.000906457590000000
0.000904671630000000
0.000902906910000000
0.000901163160000000
0.000899440380000000
0.000897738390000000
0.000896056920000000
0.000894395880000000
0.000892755180000000
0.000891134550000000
0.000889533900000000
0.000887953050000000
0.000886391910000000
0.000884850390000000
0.000883328130000000
0.000881825220000000
0.000880341390000000
0.000878876460000000
0.000877430430000000
0.000876003030000000
0.000874594260000000
0.000873203850000000
0.000871831800000000
0.000870477840000000
0.000869141880000000
0.000867823830000000
0.000866523600000000
0.000865241010000000
0.000863975880000000
0.000862728120000000
0.000861497640000000
0.000860284260000000
0.000859087980000000
0.000857908530000000
0.000856745910000000
0.000855599940000000
0.000854470440000000
0.000853357410000000
0.000852260670000000
0.000851180220000000
0.000850115700000000
0.000849067290000000
0.000848034630000000
0.000847017810000000
0.000846016560000000
0.000845030880000000
0.000844060590000000
0.000843105600000000
0.000842165820000000
0.000841241160000000
0.000840331530000000
0.000839436750000000
0.000838556820000000
0.000837691560000000
0.000836840880000000
0.000836004780000000
0.000835182990000000
0.000834375510000000
0.000833582160000000
0.000832803030000000
0.000832037850000000
0.000831286620000000
0.000830549160000000
0.000829825470000000
0.000829115370000000
0.000828418860000000
0.000827735760000000
0.000827066070000000
0.000826409610000000
0.000825766380000000
0.000825136200000000
0.000824518980000000
0.000823914810000000
0.000823323330000000
0.000822744720000000
0.000822178710000000
0.000821625300000000
0.000821084310000000
0.000820555830000000
0.000820039680000000
0.000819535680000000
0.000819043920000000
0.000818564310000000
0.000818096580000000
0.000817640910000000
0.000817196940000000
0.000816764850000000
0.000816344460000000
0.000815935590000000
0.000815538330000000
0.000815152590000000
0.000814778190000000
0.000814415040000000
0.000814063230000000
0.000813722580000000
0.000813393000000000
0.000813074400000000
0.000812766780000000
0.000812470050000000
0.000812184210000000
0.000811908990000000
0.000811644480000000
0.000811390590000000
0.000811147230000000
0.000810914310000000
0.000810691740000000
0.000810479610000000
0.000810277650000000
0.000810085950000000
0.000809904330000000
0.000809732790000000
0.000809571240000000
0.000809419590000000
0.000809277840000000
0.000809145900000000
0.000809023680000000
0.000808911180000000
0.000808808310000000
0.000808714980000000
0.000808631100000000
0.000808556670000000
0.000808491600000000
0.000808435890000000
0.000808389360000000
0.000808352100000000
0.000808323930000000
0.000808304850000000
0.000808294770000000
0.000808293600000000
0.000808301430000000
0.000808317990000000
0.000808343460000000
0.000808377570000000
0.000808420410000000
0.000808471800000000
0.000808531740000000
0.000808600320000000
0.000808677180000000
0.000808762590000000
0.000808856280000000
0.000808958250000000
0.000809068500000000
0.000809186850000000
0.000809313390000000
0.000809448030000000
0.000809590680000000
0.000809741250000000
0.000809899830000000
0.000810066240000000
0.000810240480000000
0.000810422550000000
0.000810612270000000
0.000810809730000000
0.000811014750000000
0.000811227330000000
0.000811447470000000
0.000811675080000000
0.000811910160000000
0.000812152620000000
0.000812402370000000
0.000812659500000000
0.000812923740000000
0.000813195270000000
0.000813473910000000
0.000813759660000000
0.000814052520000000
0.000814352310000000
0.000814659120000000
0.000814972770000000
0.000815293350000000
0.000815620770000000
0.000815955030000000
0.000816295950000000
0.000816643620000000
0.000816997950000000
0.000817358850000000
0.000817726320000000
0.000818100360000000
0.000818480880000000
0.000818867880000000
0.000819261180000000
0.000819660960000000
0.000820066950000000
0.000820479330000000
0.000820897830000000
0.000821322630000000
0.000821753550000000
0.000822190590000000
0.000822633660000000
0.000823082850000000
0.000823537980000000
0.000823999050000000
0.000824466060000000
0.000824939010000000
0.000825417720000000
0.000825902280000000
0.000824939010000000
0.000825417720000000
0.000825902280000000
0
0
0
0
0
0
0
0
0
0
0
0
0
0
0
0
0
0
0
0
0
0
0
0
0
0
0
0
0
0
0
0
0
0
0
0
0
0
0
0
0
0
0
0
0
0
0
0
0
0
0
0
0
0
0
0