0	0	0
0	0	0
0	0	0
0	0	0
0	0	0
0	0	0
0	0	0
0	0	0
0	0	0
0	0	0
0	0	0
0	0	0
0	0	0
0	0	0
0	0	0
0	0	0
0	0	0
0	0	0
0	0	0
0	0	0
0	0	0
0	0	0
0	0	0
0	0	0
0	0	0
0	0	0
0	0	0
0	0	0
0	0	0
0	0	0
0	0	0
0	0	0
0	0	0
0	0	0
0	0	0
0	0	0
0	0	0
0	0	0
0	0	0
0	0	0
0	0	0
0	0	0
0	0	0
0	0	0
0	0	0
0	0	0
0	0	0
0	0	0
0	0	0
0	0	0
0	0	0
0	0	0
0	0	0
0	0	0
0	0	0
0	0	0
0	0	0
0	0	0
0	0	0
0	0	0
0	0	0
0	0	0
0	0	0
0	0	0
0	0	0
0	0	0
0	0	0
0	0	0
0	0	0
0	0	0
0	0	0
0	0	0
0	0	0
0	0	0
0	0	0
0	0	0
0	0	0
0	0	0
0	0	0
0	0	0
0	0	0
0	0	0
0	0	0
0	0	0
0	0	0
0	0	0
0	0	0
0	0	0
0	0	0
0	0	0
0	0	0
0	0	0
0	0	0
0	0	0
0	0	0
0	0	0
0	0	0
0	0	0
0	0	0
0	0	0
0	0	0
0	0	0
0	0	0
0	0	0
0	0	0
0	0	0
0	0	0
0	0	0
0	0	0
0	0	0
0	0	0
0	0	0
0	0	0
0	0	0
0	0	0
0.195326467	0.195326467	0.195326467
5.109353772	5.109353772	5.109353772
2.176355862	2.176355862	2.176355862
3.910468459	3.910468459	3.910468459
2.518917652	2.518917652	2.518917652
2.861888556	2.861888556	2.861888556
2.892106594	2.892106594	2.892106594
3.282844794	3.282844794	3.282844794
2.44664304	2.44664304	2.44664304
3.366794116	3.366794116	3.366794116
5.380254724	5.380254724	5.380254724
2.2388852	2.2388852	2.2388852
2.258264763	2.258264763	2.258264763
1.730369802	1.730369802	1.730369802
2.80225986	2.80225986	2.80225986
4.202669029	4.202669029	4.202669029
2.319345892	2.319345892	2.319345892
3.202158109	3.202158109	3.202158109
3.592577862	3.592577862	3.592577862
1.730623088	1.730623088	1.730623088
3.464817921	3.464817921	3.464817921
3.839550625	3.839550625	3.839550625
3.278068406	3.278068406	3.278068406
4.135110606	4.135110606	4.135110606
4.98700236	4.98700236	4.98700236
2.085766978	2.085766978	2.085766978
2.247753767	2.247753767	2.247753767
3.29664422	3.29664422	3.29664422
3.238300149	3.238300149	3.238300149
2.588131255	2.588131255	2.588131255
1.974967129	1.974967129	1.974967129
1.806923105	1.806923105	1.806923105
2.515557266	2.515557266	2.515557266
2.856780186	2.856780186	2.856780186
2.346614913	2.346614913	2.346614913
3.227757538	3.227757538	3.227757538
3.210934205	3.210934205	3.210934205
1.74664295	1.74664295	1.74664295
2.940512904	2.940512904	2.940512904
3.171379303	3.171379303	3.171379303
2.076508425	2.076508425	2.076508425
3.566877641	3.566877641	3.566877641
3.003183322	3.003183322	3.003183322
3.507379722	3.507379722	3.507379722
1.963630785	1.963630785	1.963630785
1.936297676	1.936297676	1.936297676
2.845153803	2.845153803	2.845153803
2.331482261	2.331482261	2.331482261
4.226186787	4.226186787	4.226186787
3.752098221	3.752098221	3.752098221
3.933362233	3.933362233	3.933362233
3.186655574	3.186655574	3.186655574
2.926766565	2.926766565	2.926766565
3.373499436	3.373499436	3.373499436
2.795333429	2.795333429	2.795333429
3.175479918	3.175479918	3.175479918
3.273843801	3.273843801	3.273843801
2.648103944	2.648103944	2.648103944
2.213284524	2.213284524	2.213284524
2.731120732	2.731120732	2.731120732
2.724987368	2.724987368	2.724987368
3.057045075	3.057045075	3.057045075
2.438508392	2.438508392	2.438508392
1.783070186	1.783070186	1.783070186
2.0600647	2.0600647	2.0600647
2.292456145	2.292456145	2.292456145
3.038878713	3.038878713	3.038878713
1.906013163	1.906013163	1.906013163
2.438442301	2.438442301	2.438442301
2.365962163	2.365962163	2.365962163
1.439160471	1.439160471	1.439160471
2.121263776	2.121263776	2.121263776
2.264982245	2.264982245	2.264982245
3.135114553	3.135114553	3.135114553
3.1321277	3.1321277	3.1321277
2.911032533	2.911032533	2.911032533
2.25049303	2.25049303	2.25049303
2.392779661	2.392779661	2.392779661
2.732388774	2.732388774	2.732388774
2.917670797	2.917670797	2.917670797
2.593210392	2.593210392	2.593210392
2.400482235	2.400482235	2.400482235
2.763692683	2.763692683	2.763692683
2.398356	2.398356	2.398356
3.733589313	3.733589313	3.733589313
2.68071942	2.68071942	2.68071942
3.894564579	3.894564579	3.894564579
2.952504378	2.952504378	2.952504378
2.231428446	2.231428446	2.231428446
2.299775954	2.299775954	2.299775954
3.997561814	3.997561814	3.997561814
1.900760518	1.900760518	1.900760518
2.378713079	2.378713079	2.378713079
2.446032062	2.446032062	2.446032062
2.566142665	2.566142665	2.566142665
2.772893919	2.772893919	2.772893919
2.871380739	2.871380739	2.871380739
1.933079396	1.933079396	1.933079396
3.879888162	3.879888162	3.879888162
4.626081048	4.626081048	4.626081048
2.855812974	2.855812974	2.855812974
2.800925912	2.800925912	2.800925912
3.299104709	3.299104709	3.299104709
2.114609083	2.114609083	2.114609083
2.040602986	2.040602986	2.040602986
3.008519214	3.008519214	3.008519214
2.50532531	2.50532531	2.50532531
1.665731023	1.665731023	1.665731023
3.97269268	3.97269268	3.97269268
1.889067567	1.889067567	1.889067567
1.666530175	1.666530175	1.666530175
2.450673772	2.450673772	2.450673772
2.167289996	2.167289996	2.167289996
3.709268355	3.709268355	3.709268355
3.799943817	3.799943817	3.799943817
3.493289375	3.493289375	3.493289375
3.068671358	3.068671358	3.068671358
2.499668234	2.499668234	2.499668234
2.644849954	2.644849954	2.644849954
2.234655389	2.234655389	2.234655389
3.590503432	3.590503432	3.590503432
2.5974256	2.5974256	2.5974256
2.248386546	2.248386546	2.248386546
4.079108971	4.079108971	4.079108971
1.562709163	1.562709163	1.562709163
3.790240118	3.790240118	3.790240118
2.170078618	2.170078618	2.170078618
2.63568609	2.63568609	2.63568609
3.232816392	3.232816392	3.232816392
3.796713865	3.796713865	3.796713865
2.712156115	2.712156115	2.712156115
2.009199109	2.009199109	2.009199109
2.07676915	2.07676915	2.07676915
4.509216677	4.509216677	4.509216677
3.887849433	3.887849433	3.887849433
2.61338487	2.61338487	2.61338487
3.810422576	3.810422576	3.810422576
3.360430495	3.360430495	3.360430495
1.836096417	1.836096417	1.836096417
3.346131144	3.346131144	3.346131144
1.917254737	1.917254737	1.917254737
2.177100217	2.177100217	2.177100217
2.465257099	2.465257099	2.465257099
2.521619215	2.521619215	2.521619215
3.446437218	3.446437218	3.446437218
1.947806773	1.947806773	1.947806773
2.701158143	2.701158143	2.701158143
2.424453074	2.424453074	2.424453074
2.811222358	2.811222358	2.811222358
2.82404335	2.82404335	2.82404335
2.658373667	2.658373667	2.658373667
1.811568253	1.811568253	1.811568253
3.554555119	3.554555119	3.554555119
3.157499435	3.157499435	3.157499435
1.473067545	1.473067545	1.473067545
2.690711241	2.690711241	2.690711241
2.535172267	2.535172267	2.535172267
1.473938868	1.473938868	1.473938868
1.662070428	1.662070428	1.662070428
1.778367023	1.778367023	1.778367023
1.795660841	1.795660841	1.795660841
4.22542574	4.22542574	4.22542574
3.65951395	3.65951395	3.65951395
1.104926655	1.104926655	1.104926655
2.658237819	2.658237819	2.658237819
3.503965588	3.503965588	3.503965588
3.153830625	3.153830625	3.153830625
3.456652321	3.456652321	3.456652321
2.820918813	2.820918813	2.820918813
3.770793331	3.770793331	3.770793331
1.911836277	1.911836277	1.911836277
2.08356712	2.08356712	2.08356712
2.127079564	2.127079564	2.127079564
2.015292205	2.015292205	2.015292205
3.3877531	3.3877531	3.3877531
3.557839129	3.557839129	3.557839129
3.915119602	3.915119602	3.915119602
1.738707473	1.738707473	1.738707473
2.157173893	2.157173893	2.157173893
1.873207782	1.873207782	1.873207782
2.305616938	2.305616938	2.305616938
3.477521136	3.477521136	3.477521136
2.77352698	2.77352698	2.77352698
2.690277647	2.690277647	2.690277647
2.636134384	2.636134384	2.636134384
4.942052658	4.942052658	4.942052658
2.458971713	2.458971713	2.458971713
3.797156633	3.797156633	3.797156633
1.882420762	1.882420762	1.882420762
2.591827241	2.591827241	2.591827241
2.822913631	2.822913631	2.822913631
1.888329896	1.888329896	1.888329896
3.449565503	3.449565503	3.449565503
1.616946879	1.616946879	1.616946879
2.989867381	2.989867381	2.989867381
2.452892607	2.452892607	2.452892607
1.782196854	1.782196854	1.782196854
4.552038868	4.552038868	4.552038868
2.130264295	2.130264295	2.130264295
3.46558133	3.46558133	3.46558133
2.646539414	2.646539414	2.646539414
3.244486495	3.244486495	3.244486495
1.998971534	1.998971534	1.998971534
4.36502461	4.36502461	4.36502461
3.190683973	3.190683973	3.190683973
2.317902423	2.317902423	2.317902423
1.999591565	1.999591565	1.999591565
2.750693509	2.750693509	2.750693509
2.218370789	2.218370789	2.218370789
1.79532034	1.79532034	1.79532034
3.578583746	3.578583746	3.578583746
2.8806177	2.8806177	2.8806177
3.607401444	3.607401444	3.607401444
2.920184528	2.920184528	2.920184528
2.567842376	2.567842376	2.567842376
1.50181834	1.50181834	1.50181834
2.995822207	2.995822207	2.995822207
1.884584777	1.884584777	1.884584777
2.220184329	2.220184329	2.220184329
2.984541121	2.984541121	2.984541121
4.29962785	4.29962785	4.29962785
2.80494807	2.80494807	2.80494807
2.817957546	2.817957546	2.817957546
2.362220409	2.362220409	2.362220409
2.139348683	2.139348683	2.139348683
2.381592558	2.381592558	2.381592558
2.698383763	2.698383763	2.698383763
2.445709237	2.445709237	2.445709237
1.590853845	1.590853845	1.590853845
2.040355991	2.040355991	2.040355991
1.490209828	1.490209828	1.490209828
3.43386451	3.43386451	3.43386451
2.155054033	2.155054033	2.155054033
3.393447703	3.393447703	3.393447703
3.949923881	3.949923881	3.949923881
2.06648656	2.06648656	2.06648656
2.011909916	2.011909916	2.011909916
1.976127794	1.976127794	1.976127794
2.595560828	2.595560828	2.595560828
2.087142535	2.087142535	2.087142535
3.48606883	3.48606883	3.48606883
2.595947138	2.595947138	2.595947138
1.646273534	1.646273534	1.646273534
4.993703252	4.993703252	4.993703252
2.9627898	2.9627898	2.9627898
2.796941573	2.796941573	2.796941573
2.637039403	2.637039403	2.637039403
3.039313372	3.039313372	3.039313372
2.881822623	2.881822623	2.881822623
2.49457849	2.49457849	2.49457849
2.675548807	2.675548807	2.675548807
3.352249179	3.352249179	3.352249179
2.47342378	2.47342378	2.47342378
2.850873366	2.850873366	2.850873366
2.357504456	2.357504456	2.357504456
4.175799294	4.175799294	4.175799294
5.057473641	5.057473641	5.057473641
2.531057396	2.531057396	2.531057396
2.73416046	2.73416046	2.73416046
3.920718556	3.920718556	3.920718556
2.64645054	2.64645054	2.64645054
2.468354093	2.468354093	2.468354093
2.189896116	2.189896116	2.189896116
2.515099358	2.515099358	2.515099358
2.177377389	2.177377389	2.177377389
3.954044059	3.954044059	3.954044059
2.026587421	2.026587421	2.026587421
5.637537521	5.637537521	5.637537521
3.021527899	3.021527899	3.021527899
2.111397582	2.111397582	2.111397582
1.313021009	1.313021009	1.313021009
1.831965949	1.831965949	1.831965949
3.939696924	3.939696924	3.939696924
2.077617462	2.077617462	2.077617462
2.298861095	2.298861095	2.298861095
1.71793786	1.71793786	1.71793786
3.491536461	3.491536461	3.491536461
2.170541308	2.170541308	2.170541308
2.356583681	2.356583681	2.356583681
2.438008711	2.438008711	2.438008711
4.20878227	4.20878227	4.20878227
3.78545361	3.78545361	3.78545361
2.384552747	2.384552747	2.384552747
2.669302375	2.669302375	2.669302375
2.517952918	2.517952918	2.517952918
3.409069617	3.409069617	3.409069617
4.202956113	4.202956113	4.202956113
3.725059223	3.725059223	3.725059223
1.715438787	1.715438787	1.715438787
2.542716567	2.542716567	2.542716567
3.3969803	3.3969803	3.3969803
3.467688474	3.467688474	3.467688474
2.373845337	2.373845337	2.373845337
3.257087522	3.257087522	3.257087522
4.30081911	4.30081911	4.30081911
4.047553432	4.047553432	4.047553432
2.13985145	2.13985145	2.13985145
1.974698186	1.974698186	1.974698186
1.572674805	1.572674805	1.572674805
3.118545636	3.118545636	3.118545636
1.379903882	1.379903882	1.379903882
2.152224067	2.152224067	2.152224067
1.956454699	1.956454699	1.956454699
2.151849527	2.151849527	2.151849527
1.989544168	1.989544168	1.989544168
3.667003924	3.667003924	3.667003924
2.620196667	2.620196667	2.620196667
8.715381841	8.715381841	8.715381841
4.272070278	4.272070278	4.272070278
1.907508135	1.907508135	1.907508135
2.965494995	2.965494995	2.965494995
2.814401741	2.814401741	2.814401741
4.738382324	4.738382324	4.738382324
3.117341112	3.117341112	3.117341112
2.009023475	2.009023475	2.009023475
2.6453201	2.6453201	2.6453201
3.083703	3.083703	3.083703
3.02262591	3.02262591	3.02262591
2.335830437	2.335830437	2.335830437
2.588870202	2.588870202	2.588870202
4.966982429	4.966982429	4.966982429
3.066092092	3.066092092	3.066092092
1.901083527	1.901083527	1.901083527
1.612314905	1.612314905	1.612314905
1.122882362	1.122882362	1.122882362
1.542777716	1.542777716	1.542777716
3.87749047	3.87749047	3.87749047
2.201190229	2.201190229	2.201190229
2.911810191	2.911810191	2.911810191
1.738908484	1.738908484	1.738908484
1.800925052	1.800925052	1.800925052
2.729259338	2.729259338	2.729259338
2.43219852	2.43219852	2.43219852
4.154354848	4.154354848	4.154354848
2.679439148	2.679439148	2.679439148
3.192611001	3.192611001	3.192611001
2.340220908	2.340220908	2.340220908
2.169430527	2.169430527	2.169430527
1.658255594	1.658255594	1.658255594
4.80589593	4.80589593	4.80589593
3.132107686	3.132107686	3.132107686
1.509293668	1.509293668	1.509293668
2.234815449	2.234815449	2.234815449
2.594212728	2.594212728	2.594212728
2.07819008	2.07819008	2.07819008
1.897174915	1.897174915	1.897174915
1.454137475	1.454137475	1.454137475
4.014828633	4.014828633	4.014828633
1.659779072	1.659779072	1.659779072
1.750723612	1.750723612	1.750723612
0.724583916	0.724583916	0.724583916
1.785714113	1.785714113	1.785714113
2.189310828	2.189310828	2.189310828
4.453778984	4.453778984	4.453778984
1.326990727	1.326990727	1.326990727
2.024007051	2.024007051	2.024007051
3.161708688	3.161708688	3.161708688
1.751982789	1.751982789	1.751982789
1.785652038	1.785652038	1.785652038
3.123721181	3.123721181	3.123721181
1.64444825	1.64444825	1.64444825
2.249130731	2.249130731	2.249130731
1.741544804	1.741544804	1.741544804
2.659059531	2.659059531	2.659059531
1.939889678	1.939889678	1.939889678
1.664796856	1.664796856	1.664796856
3.224932143	3.224932143	3.224932143
1.465864427	1.465864427	1.465864427
1.79040158	1.79040158	1.79040158
2.540555529	2.540555529	2.540555529
3.317075643	3.317075643	3.317075643
3.662487975	3.662487975	3.662487975
3.240063227	3.240063227	3.240063227
2.110720686	2.110720686	2.110720686
8.654486211	8.654486211	8.654486211
2.269776867	2.269776867	2.269776867
2.07820314	2.07820314	2.07820314
2.337440461	2.337440461	2.337440461
3.399463996	3.399463996	3.399463996
2.681518644	2.681518644	2.681518644
2.107031511	2.107031511	2.107031511
1.836832392	1.836832392	1.836832392
2.342488163	2.342488163	2.342488163
1.097362714	1.097362714	1.097362714
2.103658433	2.103658433	2.103658433
1.946817736	1.946817736	1.946817736
1.696096664	1.696096664	1.696096664
2.628473393	2.628473393	2.628473393
3.512268625	3.512268625	3.512268625
3.71800247	3.71800247	3.71800247
3.989001604	3.989001604	3.989001604
1.8357066	1.8357066	1.8357066
2.45001727	2.45001727	2.45001727
2.080417952	2.080417952	2.080417952
0.693579332	0.693579332	0.693579332
2.79250095	2.79250095	2.79250095
0.649250296	0.649250296	0.649250296
2.995889689	2.995889689	2.995889689
1.487198237	1.487198237	1.487198237
1.339182635	1.339182635	1.339182635
1.013072521	1.013072521	1.013072521
1.740547519	1.740547519	1.740547519
3.812783296	3.812783296	3.812783296
2.489183298	2.489183298	2.489183298
1.723357332	1.723357332	1.723357332
2.422291362	2.422291362	2.422291362
1.039843318	1.039843318	1.039843318
2.3964121	2.3964121	2.3964121
1.854030589	1.854030589	1.854030589
1.874286704	1.874286704	1.874286704
2.500615728	2.500615728	2.500615728
1.982090403	1.982090403	1.982090403
3.189583318	3.189583318	3.189583318
1.55054614	1.55054614	1.55054614
1.666739286	1.666739286	1.666739286
2.242058963	2.242058963	2.242058963
1.4871331	1.4871331	1.4871331
1.384234645	1.384234645	1.384234645
3.389488123	3.389488123	3.389488123
2.966844325	2.966844325	2.966844325
2.513199363	2.513199363	2.513199363
1.498642236	1.498642236	1.498642236
2.086785668	2.086785668	2.086785668
3.278526457	3.278526457	3.278526457
2.82296393	2.82296393	2.82296393
2.807088405	2.807088405	2.807088405
3.533606168	3.533606168	3.533606168
1.306798032	1.306798032	1.306798032
2.211685732	2.211685732	2.211685732
2.832405305	2.832405305	2.832405305
2.551795678	2.551795678	2.551795678
2.571357165	2.571357165	2.571357165
2.348873122	2.348873122	2.348873122
1.64825969	1.64825969	1.64825969
2.343068072	2.343068072	2.343068072
0.934465914	0.934465914	0.934465914
2.264689667	2.264689667	2.264689667
1.394415318	1.394415318	1.394415318
2.750899243	2.750899243	2.750899243
1.734686103	1.734686103	1.734686103
3.053980882	3.053980882	3.053980882
1.755252403	1.755252403	1.755252403
0.480478741	0.480478741	0.480478741
3.385515729	3.385515729	3.385515729
1.691287713	1.691287713	1.691287713
2.827688935	2.827688935	2.827688935
2.555553773	2.555553773	2.555553773
1.101662334	1.101662334	1.101662334
2.195960884	2.195960884	2.195960884
2.053458571	2.053458571	2.053458571
1.025964245	1.025964245	1.025964245
1.413427892	1.413427892	1.413427892
0.759810916	0.759810916	0.759810916
1.376710088	1.376710088	1.376710088
2.21900068	2.21900068	2.21900068
3.2915817	3.2915817	3.2915817
1.343698662	1.343698662	1.343698662
1.641833279	1.641833279	1.641833279
1.678932144	1.678932144	1.678932144
1.759116003	1.759116003	1.759116003
1.11891153	1.11891153	1.11891153
2.254883195	2.254883195	2.254883195
2.319269896	2.319269896	2.319269896
3.385221609	3.385221609	3.385221609
2.388148074	2.388148074	2.388148074
1.382845117	1.382845117	1.382845117
2.665404954	2.665404954	2.665404954
0.718103171	0.718103171	0.718103171
3.253324059	3.253324059	3.253324059
1.193859544	1.193859544	1.193859544
1.718793818	1.718793818	1.718793818
2.014328386	2.014328386	2.014328386
0.729066307	0.729066307	0.729066307
1.652906653	1.652906653	1.652906653
2.21030522	2.21030522	2.21030522
1.6141693	1.6141693	1.6141693
2.295101948	2.295101948	2.295101948
2.195569855	2.195569855	2.195569855
2.309144844	2.309144844	2.309144844
1.256448514	1.256448514	1.256448514
2.744193024	2.744193024	2.744193024
1.025289357	1.025289357	1.025289357
2.147672198	2.147672198	2.147672198
3.141522335	3.141522335	3.141522335
2.008498879	2.008498879	2.008498879
1.667144835	1.667144835	1.667144835
1.378959658	1.378959658	1.378959658
4.578660623	4.578660623	4.578660623
1.513657171	1.513657171	1.513657171
1.335958139	1.335958139	1.335958139
1.971012617	1.971012617	1.971012617
2.877111012	2.877111012	2.877111012
1.416146959	1.416146959	1.416146959
1.389800846	1.389800846	1.389800846
1.573313552	1.573313552	1.573313552
1.93039901	1.93039901	1.93039901
2.149920207	2.149920207	2.149920207
1.443382579	1.443382579	1.443382579
2.860514755	2.860514755	2.860514755
1.95355834	1.95355834	1.95355834
1.288922523	1.288922523	1.288922523
6.242945906	6.242945906	6.242945906
1.811381893	1.811381893	1.811381893
3.398133578	3.398133578	3.398133578
1.70885214	1.70885214	1.70885214
1.79491306	1.79491306	1.79491306
3.872687768	3.872687768	3.872687768
1.945262258	1.945262258	1.945262258
2.045170726	2.045170726	2.045170726
2.372385139	2.372385139	2.372385139
2.132449396	2.132449396	2.132449396
2.653098377	2.653098377	2.653098377
1.387657682	1.387657682	1.387657682
1.183076016	1.183076016	1.183076016
1.87857823	1.87857823	1.87857823
2.556345676	2.556345676	2.556345676
1.429818065	1.429818065	1.429818065
1.170547911	1.170547911	1.170547911
1.525232588	1.525232588	1.525232588
1.85508187	1.85508187	1.85508187
1.38981567	1.38981567	1.38981567
1.924709962	1.924709962	1.924709962
2.557566643	2.557566643	2.557566643
1.544677717	1.544677717	1.544677717
0.621762442	0.621762442	0.621762442
2.198914826	2.198914826	2.198914826
3.220993916	3.220993916	3.220993916
0.696202637	0.696202637	0.696202637
2.155710427	2.155710427	2.155710427
1.277920046	1.277920046	1.277920046
1.02657645	1.02657645	1.02657645
2.222139384	2.222139384	2.222139384
2.431122629	2.431122629	2.431122629
1.50559338	1.50559338	1.50559338
2.558862691	2.558862691	2.558862691
1.980696796	1.980696796	1.980696796
3.309056794	3.309056794	3.309056794
0.85046068	0.85046068	0.85046068
1.228753655	1.228753655	1.228753655
2.671834332	2.671834332	2.671834332
2.636988527	2.636988527	2.636988527
2.445682892	2.445682892	2.445682892
1.075618836	1.075618836	1.075618836
1.508014057	1.508014057	1.508014057
1.921097147	1.921097147	1.921097147
1.595092053	1.595092053	1.595092053
1.067243125	1.067243125	1.067243125
1.851507463	1.851507463	1.851507463
1.91734709	1.91734709	1.91734709
2.352424157	2.352424157	2.352424157
2.23241997	2.23241997	2.23241997
1.148190634	1.148190634	1.148190634
1.323878956	1.323878956	1.323878956
1.121132807	1.121132807	1.121132807
1.401358875	1.401358875	1.401358875
1.552909204	1.552909204	1.552909204
1.9944044	1.9944044	1.9944044
0.614490404	0.614490404	0.614490404
0.948860973	0.948860973	0.948860973
1.324438309	1.324438309	1.324438309
1.488183659	1.488183659	1.488183659
1.331323441	1.331323441	1.331323441
1.918781064	1.918781064	1.918781064
2.698867772	2.698867772	2.698867772
1.365417611	1.365417611	1.365417611
1.467789441	1.467789441	1.467789441
1.847782133	1.847782133	1.847782133
2.260310586	2.260310586	2.260310586
1.975755504	1.975755504	1.975755504
1.926458948	1.926458948	1.926458948
5.972967721	5.972967721	5.972967721
1.174435935	1.174435935	1.174435935
5.490580291	5.490580291	5.490580291
1.948257008	1.948257008	1.948257008
4.398346998	4.398346998	4.398346998
1.371686575	1.371686575	1.371686575
2.350117886	2.350117886	2.350117886
1.66946566	1.66946566	1.66946566
1.809914308	1.809914308	1.809914308
1.379464287	1.379464287	1.379464287
1.508361995	1.508361995	1.508361995
1.535439325	1.535439325	1.535439325
1.886459059	1.886459059	1.886459059
2.416679296	2.416679296	2.416679296
0.572673158	0.572673158	0.572673158
1.21662836	1.21662836	1.21662836
1.16256857	1.16256857	1.16256857
2.356344676	2.356344676	2.356344676
1.642405016	1.642405016	1.642405016
2.579804683	2.579804683	2.579804683
1.77995208	1.77995208	1.77995208
6.372411572	6.372411572	6.372411572
0.915133545	0.915133545	0.915133545
2.927478706	2.927478706	2.927478706
3.723602152	3.723602152	3.723602152
0.584825841	0.584825841	0.584825841
1.901968061	1.901968061	1.901968061
2.190336919	2.190336919	2.190336919
0.754996676	0.754996676	0.754996676
1.19615468	1.19615468	1.19615468
1.095340999	1.095340999	1.095340999
0.911140363	0.911140363	0.911140363
1.645891933	1.645891933	1.645891933
0.898745356	0.898745356	0.898745356
1.965978251	1.965978251	1.965978251
2.078529275	2.078529275	2.078529275
2.339066375	2.339066375	2.339066375
1.006314011	1.006314011	1.006314011
3.094374812	3.094374812	3.094374812
1.521875958	1.521875958	1.521875958
1.497622722	1.497622722	1.497622722
1.822546498	1.822546498	1.822546498
1.768608583	1.768608583	1.768608583
1.189955154	1.189955154	1.189955154
1.236908893	1.236908893	1.236908893
1.467154319	1.467154319	1.467154319
0.58674765	0.58674765	0.58674765
2.035687308	2.035687308	2.035687308
1.640582805	1.640582805	1.640582805
1.842204229	1.842204229	1.842204229
4.23920806	4.23920806	4.23920806
1.711425889	1.711425889	1.711425889
2.333144852	2.333144852	2.333144852
4.495079596	4.495079596	4.495079596
1.419055246	1.419055246	1.419055246
1.582991943	1.582991943	1.582991943
1.263932465	1.263932465	1.263932465
1.03843096	1.03843096	1.03843096
1.100470023	1.100470023	1.100470023
1.595206663	1.595206663	1.595206663
1.023664536	1.023664536	1.023664536
1.506809389	1.506809389	1.506809389
0.839636095	0.839636095	0.839636095
1.834058492	1.834058492	1.834058492
1.719271396	1.719271396	1.719271396
1.331405187	1.331405187	1.331405187
2.962984506	2.962984506	2.962984506
1.75950735	1.75950735	1.75950735
1.308134184	1.308134184	1.308134184
1.964011576	1.964011576	1.964011576
2.157034969	2.157034969	2.157034969
1.484472178	1.484472178	1.484472178
4.669816208	4.669816208	4.669816208
0.91878648	0.91878648	0.91878648
1.884931319	1.884931319	1.884931319
2.901116794	2.901116794	2.901116794
0.766416024	0.766416024	0.766416024
1.027440472	1.027440472	1.027440472
1.777275147	1.777275147	1.777275147
1.200152205	1.200152205	1.200152205
1.179084817	1.179084817	1.179084817
1.932983289	1.932983289	1.932983289
1.590189933	1.590189933	1.590189933
1.128488186	1.128488186	1.128488186
1.642934489	1.642934489	1.642934489
1.52753811	1.52753811	1.52753811
0.674130461	0.674130461	0.674130461
1.699778891	1.699778891	1.699778891
0.736164615	0.736164615	0.736164615
1.65619124	1.65619124	1.65619124
1.03030076	1.03030076	1.03030076
1.777141709	1.777141709	1.777141709
1.586708461	1.586708461	1.586708461
1.678175927	1.678175927	1.678175927
0.972526057	0.972526057	0.972526057
2.120059641	2.120059641	2.120059641
1.349575554	1.349575554	1.349575554
1.15866285	1.15866285	1.15866285
2.829983968	2.829983968	2.829983968
1.197317828	1.197317828	1.197317828
1.194256888	1.194256888	1.194256888
0.775879864	0.775879864	0.775879864
1.030385348	1.030385348	1.030385348
1.129983402	1.129983402	1.129983402
1.132762762	1.132762762	1.132762762
1.27670204	1.27670204	1.27670204
1.299996841	1.299996841	1.299996841
1.299756199	1.299756199	1.299756199
1.076248377	1.076248377	1.076248377
0.716813986	0.716813986	0.716813986
3.46027323	3.46027323	3.46027323
0.87809682	0.87809682	0.87809682
0.883834314	0.883834314	0.883834314
0.994726479	0.994726479	0.994726479
0.656337478	0.656337478	0.656337478
0.789611767	0.789611767	0.789611767
1.24621594	1.24621594	1.24621594
0.661741046	0.661741046	0.661741046
3.007825967	3.007825967	3.007825967
1.548762881	1.548762881	1.548762881
1.028364472	1.028364472	1.028364472
1.08894625	1.08894625	1.08894625
0.784581844	0.784581844	0.784581844
1.174861164	1.174861164	1.174861164
1.112579028	1.112579028	1.112579028
0.693660536	0.693660536	0.693660536
1.801883948	1.801883948	1.801883948
3.729124441	3.729124441	3.729124441
0.850392763	0.850392763	0.850392763
0.743302504	0.743302504	0.743302504
2.6061893	2.6061893	2.6061893
1.347242894	1.347242894	1.347242894
1.748559484	1.748559484	1.748559484
0.980057039	0.980057039	0.980057039
0.98323568	0.98323568	0.98323568
1.592912285	1.592912285	1.592912285
0.515400714	0.515400714	0.515400714
0.496337876	0.496337876	0.496337876
1.632345226	1.632345226	1.632345226
1.302172518	1.302172518	1.302172518
1.926292271	1.926292271	1.926292271
1.43567846	1.43567846	1.43567846
1.130870475	1.130870475	1.130870475
0.649377247	0.649377247	0.649377247
2.855329078	2.855329078	2.855329078
1.25862306	1.25862306	1.25862306
0.380831249	0.380831249	0.380831249
1.117295656	1.117295656	1.117295656
0.960025017	0.960025017	0.960025017
0.845576962	0.845576962	0.845576962
1.173469241	1.173469241	1.173469241
1.273968531	1.273968531	1.273968531
1.316766115	1.316766115	1.316766115
1.089184483	1.089184483	1.089184483
1.004860481	1.004860481	1.004860481
0.690018755	0.690018755	0.690018755
2.173598231	2.173598231	2.173598231
2.351260219	2.351260219	2.351260219
2.218801478	2.218801478	2.218801478
1.19084253	1.19084253	1.19084253
2.176992228	2.176992228	2.176992228
0.730257205	0.730257205	0.730257205
0.360411488	0.360411488	0.360411488
0.98312621	0.98312621	0.98312621
0.678004663	0.678004663	0.678004663
0.478011395	0.478011395	0.478011395
2.131934966	2.131934966	2.131934966
2.062109206	2.062109206	2.062109206
0.80466482	0.80466482	0.80466482
1.070009135	1.070009135	1.070009135
0.612949312	0.612949312	0.612949312
0.626987011	0.626987011	0.626987011
2.359813881	2.359813881	2.359813881
0.67154644	0.67154644	0.67154644
0.571342687	0.571342687	0.571342687
0.589957432	0.589957432	0.589957432
0.467619438	0.467619438	0.467619438
1.911297386	1.911297386	1.911297386
1.520418648	1.520418648	1.520418648
3.03117421	3.03117421	3.03117421
0.788915614	0.788915614	0.788915614
1.659540965	1.659540965	1.659540965
1.122255312	1.122255312	1.122255312
0.785254672	0.785254672	0.785254672
1.036173897	1.036173897	1.036173897
0.928204343	0.928204343	0.928204343
0.748216525	0.748216525	0.748216525
0.928680241	0.928680241	0.928680241
1.189528366	1.189528366	1.189528366
0.691322271	0.691322271	0.691322271
0.559610716	0.559610716	0.559610716
1.411267185	1.411267185	1.411267185
0.798093896	0.798093896	0.798093896
0.686558525	0.686558525	0.686558525
0.838872063	0.838872063	0.838872063
1.130540552	1.130540552	1.130540552
0.750513871	0.750513871	0.750513871
0.571090935	0.571090935	0.571090935
1.023883009	1.023883009	1.023883009
1.184844423	1.184844423	1.184844423
0.443782126	0.443782126	0.443782126
0.890487445	0.890487445	0.890487445
1.013659133	1.013659133	1.013659133
0.641862481	0.641862481	0.641862481
2.095440258	2.095440258	2.095440258
0.462994665	0.462994665	0.462994665
1.925167952	1.925167952	1.925167952
0.652189967	0.652189967	0.652189967
0.618670117	0.618670117	0.618670117
1.587512328	1.587512328	1.587512328
1.799698504	1.799698504	1.799698504
0.897112004	0.897112004	0.897112004
0.613182351	0.613182351	0.613182351
0.569305522	0.569305522	0.569305522
0.7771214	0.7771214	0.7771214
0.619973482	0.619973482	0.619973482
0.612031955	0.612031955	0.612031955
0.704832581	0.704832581	0.704832581
1.709936305	1.709936305	1.709936305
0.981871462	0.981871462	0.981871462
2.087068958	2.087068958	2.087068958
0.87159361	0.87159361	0.87159361
0.951709313	0.951709313	0.951709313
1.066464758	1.066464758	1.066464758
0.960829909	0.960829909	0.960829909
1.097869243	1.097869243	1.097869243
0.669096735	0.669096735	0.669096735
0.631064846	0.631064846	0.631064846
0.345885645	0.345885645	0.345885645
1.451774935	1.451774935	1.451774935
1.046703239	1.046703239	1.046703239
1.522080763	1.522080763	1.522080763
1.390098588	1.390098588	1.390098588
0.390301942	0.390301942	0.390301942
0.832459377	0.832459377	0.832459377
0.83286834	0.83286834	0.83286834
1.232439261	1.232439261	1.232439261
0.949223304	0.949223304	0.949223304
0.793846617	0.793846617	0.793846617
0.853400701	0.853400701	0.853400701
0.720372385	0.720372385	0.720372385
0.823699069	0.823699069	0.823699069
0.830397706	0.830397706	0.830397706
1.862896659	1.862896659	1.862896659
1.28964015	1.28964015	1.28964015
2.169117943	2.169117943	2.169117943
0.445210913	0.445210913	0.445210913
0.472023579	0.472023579	0.472023579
1.691118131	1.691118131	1.691118131
0.373184435	0.373184435	0.373184435
0.593214569	0.593214569	0.593214569
0.521459872	0.521459872	0.521459872
0.587644581	0.587644581	0.587644581
0.598936841	0.598936841	0.598936841
1.968213553	1.968213553	1.968213553
0.896796728	0.896796728	0.896796728
0.841498	0.841498	0.841498
1.133050471	1.133050471	1.133050471
1.028933193	1.028933193	1.028933193
1.7434004	1.7434004	1.7434004
0.501768283	0.501768283	0.501768283
2.15328435	2.15328435	2.15328435
0.68993676	0.68993676	0.68993676
0.613352621	0.613352621	0.613352621
0.601605455	0.601605455	0.601605455
0.899485641	0.899485641	0.899485641
0.342059572	0.342059572	0.342059572
1.344657169	1.344657169	1.344657169
0.697779613	0.697779613	0.697779613
1.858088069	1.858088069	1.858088069
1.364257836	1.364257836	1.364257836
0.329260366	0.329260366	0.329260366
0.604660929	0.604660929	0.604660929
0.614640182	0.614640182	0.614640182
2.550926817	2.550926817	2.550926817
0.176015325	0.176015325	0.176015325
0.678824692	0.678824692	0.678824692
2.01116915	2.01116915	2.01116915
2.5853896	2.5853896	2.5853896
0.4004565	0.4004565	0.4004565
0.347754	0.347754	0.347754
0.668589	0.668589	0.668589
0.359443	0.359443	0.359443
0.512896333	0.512896333	0.512896333
2.1782682	2.1782682	2.1782682
4.85019	4.85019	4.85019
3.288543	3.288543	3.288543
0.4099248	0.4099248	0.4099248
0.316697	0.316697	0.316697
3.956844	3.956844	3.956844
0.6942155	0.6942155	0.6942155
0.449412	0.449412	0.449412
0.394103	0.394103	0.394103
3.88863	3.88863	3.88863
0	0	0
0	0	0
0	0	0
0	0	0
0	0	0
0	0	0
0	0	0
0	0	0
0	0	0
0	0	0
0	0	0
2.22784	2.22784	2.22784
3.29483	3.29483	3.29483
0	0	0
0	0	0
2.54068	2.54068	2.54068
0	0	0
0	0	0
0	0	0
0	0	0

